FULL
ROW = -6 COL = -8

[1262270901516304, 52, 928, 94753600, 7289143, 9263],
 [588855652, 106, -63, 9063748, 48, 7628122],
 [-22, 58065515, 11775, 516497010, 33, -54],
 [629099, 6997096, -55, 66861995, -92, 386]]

[106585356, 52, 928, 94753600, 7289143, 9263],
 [588855652, 106, -63, 9063748, 48, 7628122],
 [-22, 58065515, 11775, 516497010, 33, -54],
 [629099, 6997096, -55, 66861995, -92, 386]]
---
ROW = -6 COL = -7

[1262270901516304, 52, 928, 94753600, 7289143, 9263],
 [588855652, 106, -63, 9063748, 48, 7628122],
 [-22, 58065515, 11775, 516497010, 33, -54],
 [629099, 6997096, -55, 66861995, -92, 386]]

[106585356, 52, 928, 94753600, 7289143, 9263],
 [588855652, 106, -63, 9063748, 48, 7628122],
 [-22, 58065515, 11775, 516497010, 33, -54],
 [629099, 6997096, -55, 66861995, -92, 386]]
---
ROW = -6 COL = -6

[1262270901516304, 52, 928, 94753600, 7289143, 9263],
 [588855652, 106, -63, 9063748, 48, 7628122],
 [-22, 58065515, 11775, 516497010, 33, -54],
 [629099, 6997096, -55, 66861995, -92, 386]]

[156, 928, 94753600, 7289143, 9263],
 [106, -63, 9063748, 48, 7628122],
 [58065515, 11775, 516497010, 33, -54],
 [6997096, -55, 66861995, -92, 386]]
---
ROW = -6 COL = -5

[1262270901516304, 52, 928, 94753600, 7289143, 9263],
 [588855652, 106, -63, 9063748, 48, 7628122],
 [-22, 58065515, 11775, 516497010, 33, -54],
 [629099, 6997096, -55, 66861995, -92, 386]]

[106585356, 928, 94753600, 7289143, 9263],
 [588855652, -63, 9063748, 48, 7628122],
 [-22, 11775, 516497010, 33, -54],
 [629099, -55, 66861995, -92, 386]]
---
ROW = -6 COL = -4

[1262270901516304, 52, 928, 94753600, 7289143, 9263],
 [588855652, 106, -63, 9063748, 48, 7628122],
 [-22, 58065515, 11775, 516497010, 33, -54],
 [629099, 6997096, -55, 66861995, -92, 386]]

[106585356, 52, 94753600, 7289143, 9263],
 [588855652, 106, 9063748, 48, 7628122],
 [-22, 58065515, 516497010, 33, -54],
 [629099, 6997096, 66861995, -92, 386]]
---
ROW = -6 COL = -3

[1262270901516304, 52, 928, 94753600, 7289143, 9263],
 [588855652, 106, -63, 9063748, 48, 7628122],
 [-22, 58065515, 11775, 516497010, 33, -54],
 [629099, 6997096, -55, 66861995, -92, 386]]

[106585356, 52, 928, 7289143, 9263],
 [588855652, 106, -63, 48, 7628122],
 [-22, 58065515, 11775, 33, -54],
 [629099, 6997096, -55, -92, 386]]
---
ROW = -6 COL = -2

[1262270901516304, 52, 928, 94753600, 7289143, 9263],
 [588855652, 106, -63, 9063748, 48, 7628122],
 [-22, 58065515, 11775, 516497010, 33, -54],
 [629099, 6997096, -55, 66861995, -92, 386]]

[106585356, 52, 928, 94753600, 9263],
 [588855652, 106, -63, 9063748, 7628122],
 [-22, 58065515, 11775, 516497010, -54],
 [629099, 6997096, -55, 66861995, 386]]
---
ROW = -6 COL = -1

[1262270901516304, 52, 928, 94753600, 7289143, 9263],
 [588855652, 106, -63, 9063748, 48, 7628122],
 [-22, 58065515, 11775, 516497010, 33, -54],
 [629099, 6997096, -55, 66861995, -92, 386]]

[106585356, 52, 928, 94753600, 7289143],
 [588855652, 106, -63, 9063748, 48],
 [-22, 58065515, 11775, 516497010, 33],
 [629099, 6997096, -55, 66861995, -92]]
---
ROW = -6 COL = 0

[1262270901516304, 52, 928, 94753600, 7289143, 9263],
 [588855652, 106, -63, 9063748, 48, 7628122],
 [-22, 58065515, 11775, 516497010, 33, -54],
 [629099, 6997096, -55, 66861995, -92, 386]]

[156, 928, 94753600, 7289143, 9263],
 [106, -63, 9063748, 48, 7628122],
 [58065515, 11775, 516497010, 33, -54],
 [6997096, -55, 66861995, -92, 386]]
---
ROW = -6 COL = 1

[1262270901516304, 52, 928, 94753600, 7289143, 9263],
 [588855652, 106, -63, 9063748, 48, 7628122],
 [-22, 58065515, 11775, 516497010, 33, -54],
 [629099, 6997096, -55, 66861995, -92, 386]]

[106585356, 928, 94753600, 7289143, 9263],
 [588855652, -63, 9063748, 48, 7628122],
 [-22, 11775, 516497010, 33, -54],
 [629099, -55, 66861995, -92, 386]]
---
ROW = -6 COL = 2

[1262270901516304, 52, 928, 94753600, 7289143, 9263],
 [588855652, 106, -63, 9063748, 48, 7628122],
 [-22, 58065515, 11775, 516497010, 33, -54],
 [629099, 6997096, -55, 66861995, -92, 386]]

[106585356, 52, 94753600, 7289143, 9263],
 [588855652, 106, 9063748, 48, 7628122],
 [-22, 58065515, 516497010, 33, -54],
 [629099, 6997096, 66861995, -92, 386]]
---
ROW = -6 COL = 3

[1262270901516304, 52, 928, 94753600, 7289143, 9263],
 [588855652, 106, -63, 9063748, 48, 7628122],
 [-22, 58065515, 11775, 516497010, 33, -54],
 [629099, 6997096, -55, 66861995, -92, 386]]

[106585356, 52, 928, 7289143, 9263],
 [588855652, 106, -63, 48, 7628122],
 [-22, 58065515, 11775, 33, -54],
 [629099, 6997096, -55, -92, 386]]
---
ROW = -6 COL = 4

[1262270901516304, 52, 928, 94753600, 7289143, 9263],
 [588855652, 106, -63, 9063748, 48, 7628122],
 [-22, 58065515, 11775, 516497010, 33, -54],
 [629099, 6997096, -55, 66861995, -92, 386]]

[106585356, 52, 928, 94753600, 9263],
 [588855652, 106, -63, 9063748, 7628122],
 [-22, 58065515, 11775, 516497010, -54],
 [629099, 6997096, -55, 66861995, 386]]
---
ROW = -6 COL = 5

[1262270901516304, 52, 928, 94753600, 7289143, 9263],
 [588855652, 106, -63, 9063748, 48, 7628122],
 [-22, 58065515, 11775, 516497010, 33, -54],
 [629099, 6997096, -55, 66861995, -92, 386]]

[106585356, 52, 928, 94753600, 7289143],
 [588855652, 106, -63, 9063748, 48],
 [-22, 58065515, 11775, 516497010, 33],
 [629099, 6997096, -55, 66861995, -92]]
---
ROW = -6 COL = 6

[1262270901516304, 52, 928, 94753600, 7289143, 9263],
 [588855652, 106, -63, 9063748, 48, 7628122],
 [-22, 58065515, 11775, 516497010, 33, -54],
 [629099, 6997096, -55, 66861995, -92, 386]]

[106585356, 52, 928, 94753600, 7289143, 9263],
 [588855652, 106, -63, 9063748, 48, 7628122],
 [-22, 58065515, 11775, 516497010, 33, -54],
 [629099, 6997096, -55, 66861995, -92, 386]]
---
ROW = -6 COL = 7

[1262270901516304, 52, 928, 94753600, 7289143, 9263],
 [588855652, 106, -63, 9063748, 48, 7628122],
 [-22, 58065515, 11775, 516497010, 33, -54],
 [629099, 6997096, -55, 66861995, -92, 386]]

[106585356, 52, 928, 94753600, 7289143, 9263],
 [588855652, 106, -63, 9063748, 48, 7628122],
 [-22, 58065515, 11775, 516497010, 33, -54],
 [629099, 6997096, -55, 66861995, -92, 386]]
---
ROW = -5 COL = -8

[1262270901516304, 52, 928, 94753600, 7289143, 9263],
 [588855652, 106, -63, 9063748, 48, 7628122],
 [-22, 58065515, 11775, 516497010, 33, -54],
 [629099, 6997096, -55, 66861995, -92, 386]]

[106585356, 52, 928, 94753600, 7289143, 9263],
 [588855652, 106, -63, 9063748, 48, 7628122],
 [-22, 58065515, 11775, 516497010, 33, -54],
 [629099, 6997096, -55, 66861995, -92, 386]]
---
ROW = -5 COL = -7

[1262270901516304, 52, 928, 94753600, 7289143, 9263],
 [588855652, 106, -63, 9063748, 48, 7628122],
 [-22, 58065515, 11775, 516497010, 33, -54],
 [629099, 6997096, -55, 66861995, -92, 386]]

[106585356, 52, 928, 94753600, 7289143, 9263],
 [588855652, 106, -63, 9063748, 48, 7628122],
 [-22, 58065515, 11775, 516497010, 33, -54],
 [629099, 6997096, -55, 66861995, -92, 386]]
---
ROW = -5 COL = -6

[1262270901516304, 52, 928, 94753600, 7289143, 9263],
 [588855652, 106, -63, 9063748, 48, 7628122],
 [-22, 58065515, 11775, 516497010, 33, -54],
 [629099, 6997096, -55, 66861995, -92, 386]]

[156, 928, 94753600, 7289143, 9263],
 [106, -63, 9063748, 48, 7628122],
 [58065515, 11775, 516497010, 33, -54],
 [6997096, -55, 66861995, -92, 386]]
---
ROW = -5 COL = -5

[1262270901516304, 52, 928, 94753600, 7289143, 9263],
 [588855652, 106, -63, 9063748, 48, 7628122],
 [-22, 58065515, 11775, 516497010, 33, -54],
 [629099, 6997096, -55, 66861995, -92, 386]]

[106585356, 928, 94753600, 7289143, 9263],
 [588855652, -63, 9063748, 48, 7628122],
 [-22, 11775, 516497010, 33, -54],
 [629099, -55, 66861995, -92, 386]]
---
ROW = -5 COL = -4

[1262270901516304, 52, 928, 94753600, 7289143, 9263],
 [588855652, 106, -63, 9063748, 48, 7628122],
 [-22, 58065515, 11775, 516497010, 33, -54],
 [629099, 6997096, -55, 66861995, -92, 386]]

[106585356, 52, 94753600, 7289143, 9263],
 [588855652, 106, 9063748, 48, 7628122],
 [-22, 58065515, 516497010, 33, -54],
 [629099, 6997096, 66861995, -92, 386]]
---
ROW = -5 COL = -3

[1262270901516304, 52, 928, 94753600, 7289143, 9263],
 [588855652, 106, -63, 9063748, 48, 7628122],
 [-22, 58065515, 11775, 516497010, 33, -54],
 [629099, 6997096, -55, 66861995, -92, 386]]

[106585356, 52, 928, 7289143, 9263],
 [588855652, 106, -63, 48, 7628122],
 [-22, 58065515, 11775, 33, -54],
 [629099, 6997096, -55, -92, 386]]
---
ROW = -5 COL = -2

[1262270901516304, 52, 928, 94753600, 7289143, 9263],
 [588855652, 106, -63, 9063748, 48, 7628122],
 [-22, 58065515, 11775, 516497010, 33, -54],
 [629099, 6997096, -55, 66861995, -92, 386]]

[106585356, 52, 928, 94753600, 9263],
 [588855652, 106, -63, 9063748, 7628122],
 [-22, 58065515, 11775, 516497010, -54],
 [629099, 6997096, -55, 66861995, 386]]
---
ROW = -5 COL = -1

[1262270901516304, 52, 928, 94753600, 7289143, 9263],
 [588855652, 106, -63, 9063748, 48, 7628122],
 [-22, 58065515, 11775, 516497010, 33, -54],
 [629099, 6997096, -55, 66861995, -92, 386]]

[106585356, 52, 928, 94753600, 7289143],
 [588855652, 106, -63, 9063748, 48],
 [-22, 58065515, 11775, 516497010, 33],
 [629099, 6997096, -55, 66861995, -92]]
---
ROW = -5 COL = 0

[1262270901516304, 52, 928, 94753600, 7289143, 9263],
 [588855652, 106, -63, 9063748, 48, 7628122],
 [-22, 58065515, 11775, 516497010, 33, -54],
 [629099, 6997096, -55, 66861995, -92, 386]]

[156, 928, 94753600, 7289143, 9263],
 [106, -63, 9063748, 48, 7628122],
 [58065515, 11775, 516497010, 33, -54],
 [6997096, -55, 66861995, -92, 386]]
---
ROW = -5 COL = 1

[1262270901516304, 52, 928, 94753600, 7289143, 9263],
 [588855652, 106, -63, 9063748, 48, 7628122],
 [-22, 58065515, 11775, 516497010, 33, -54],
 [629099, 6997096, -55, 66861995, -92, 386]]

[106585356, 928, 94753600, 7289143, 9263],
 [588855652, -63, 9063748, 48, 7628122],
 [-22, 11775, 516497010, 33, -54],
 [629099, -55, 66861995, -92, 386]]
---
ROW = -5 COL = 2

[1262270901516304, 52, 928, 94753600, 7289143, 9263],
 [588855652, 106, -63, 9063748, 48, 7628122],
 [-22, 58065515, 11775, 516497010, 33, -54],
 [629099, 6997096, -55, 66861995, -92, 386]]

[106585356, 52, 94753600, 7289143, 9263],
 [588855652, 106, 9063748, 48, 7628122],
 [-22, 58065515, 516497010, 33, -54],
 [629099, 6997096, 66861995, -92, 386]]
---
ROW = -5 COL = 3

[1262270901516304, 52, 928, 94753600, 7289143, 9263],
 [588855652, 106, -63, 9063748, 48, 7628122],
 [-22, 58065515, 11775, 516497010, 33, -54],
 [629099, 6997096, -55, 66861995, -92, 386]]

[106585356, 52, 928, 7289143, 9263],
 [588855652, 106, -63, 48, 7628122],
 [-22, 58065515, 11775, 33, -54],
 [629099, 6997096, -55, -92, 386]]
---
ROW = -5 COL = 4

[1262270901516304, 52, 928, 94753600, 7289143, 9263],
 [588855652, 106, -63, 9063748, 48, 7628122],
 [-22, 58065515, 11775, 516497010, 33, -54],
 [629099, 6997096, -55, 66861995, -92, 386]]

[106585356, 52, 928, 94753600, 9263],
 [588855652, 106, -63, 9063748, 7628122],
 [-22, 58065515, 11775, 516497010, -54],
 [629099, 6997096, -55, 66861995, 386]]
---
ROW = -5 COL = 5

[1262270901516304, 52, 928, 94753600, 7289143, 9263],
 [588855652, 106, -63, 9063748, 48, 7628122],
 [-22, 58065515, 11775, 516497010, 33, -54],
 [629099, 6997096, -55, 66861995, -92, 386]]

[106585356, 52, 928, 94753600, 7289143],
 [588855652, 106, -63, 9063748, 48],
 [-22, 58065515, 11775, 516497010, 33],
 [629099, 6997096, -55, 66861995, -92]]
---
ROW = -5 COL = 6

[1262270901516304, 52, 928, 94753600, 7289143, 9263],
 [588855652, 106, -63, 9063748, 48, 7628122],
 [-22, 58065515, 11775, 516497010, 33, -54],
 [629099, 6997096, -55, 66861995, -92, 386]]

[106585356, 52, 928, 94753600, 7289143, 9263],
 [588855652, 106, -63, 9063748, 48, 7628122],
 [-22, 58065515, 11775, 516497010, 33, -54],
 [629099, 6997096, -55, 66861995, -92, 386]]
---
ROW = -5 COL = 7

[1262270901516304, 52, 928, 94753600, 7289143, 9263],
 [588855652, 106, -63, 9063748, 48, 7628122],
 [-22, 58065515, 11775, 516497010, 33, -54],
 [629099, 6997096, -55, 66861995, -92, 386]]

[106585356, 52, 928, 94753600, 7289143, 9263],
 [588855652, 106, -63, 9063748, 48, 7628122],
 [-22, 58065515, 11775, 516497010, 33, -54],
 [629099, 6997096, -55, 66861995, -92, 386]]
---
ROW = -4 COL = -8

[1262270901516304, 52, 928, 94753600, 7289143, 9263],
 [588855652, 106, -63, 9063748, 48, 7628122],
 [-22, 58065515, 11775, 516497010, 33, -54],
 [629099, 6997096, -55, 66861995, -92, 386]]

[1766566956, 106, -63, 9063748, 48, 7628122],
 [-22, 58065515, 11775, 516497010, 33, -54],
 [629099, 6997096, -55, 66861995, -92, 386]]
---
ROW = -4 COL = -7

[1262270901516304, 52, 928, 94753600, 7289143, 9263],
 [588855652, 106, -63, 9063748, 48, 7628122],
 [-22, 58065515, 11775, 516497010, 33, -54],
 [629099, 6997096, -55, 66861995, -92, 386]]

[1766566956, 106, -63, 9063748, 48, 7628122],
 [-22, 58065515, 11775, 516497010, 33, -54],
 [629099, 6997096, -55, 66861995, -92, 386]]
---
ROW = -4 COL = -6

[1262270901516304, 52, 928, 94753600, 7289143, 9263],
 [588855652, 106, -63, 9063748, 48, 7628122],
 [-22, 58065515, 11775, 516497010, 33, -54],
 [629099, 6997096, -55, 66861995, -92, 386]]

[318, -63, 9063748, 48, 7628122],
 [58065515, 11775, 516497010, 33, -54],
 [6997096, -55, 66861995, -92, 386]]
---
ROW = -4 COL = -5

[1262270901516304, 52, 928, 94753600, 7289143, 9263],
 [588855652, 106, -63, 9063748, 48, 7628122],
 [-22, 58065515, 11775, 516497010, 33, -54],
 [629099, 6997096, -55, 66861995, -92, 386]]

[1766566956, -63, 9063748, 48, 7628122],
 [-22, 11775, 516497010, 33, -54],
 [629099, -55, 66861995, -92, 386]]
---
ROW = -4 COL = -4

[1262270901516304, 52, 928, 94753600, 7289143, 9263],
 [588855652, 106, -63, 9063748, 48, 7628122],
 [-22, 58065515, 11775, 516497010, 33, -54],
 [629099, 6997096, -55, 66861995, -92, 386]]

[1766566956, 106, 9063748, 48, 7628122],
 [-22, 58065515, 516497010, 33, -54],
 [629099, 6997096, 66861995, -92, 386]]
---
ROW = -4 COL = -3

[1262270901516304, 52, 928, 94753600, 7289143, 9263],
 [588855652, 106, -63, 9063748, 48, 7628122],
 [-22, 58065515, 11775, 516497010, 33, -54],
 [629099, 6997096, -55, 66861995, -92, 386]]

[1766566956, 106, -63, 48, 7628122],
 [-22, 58065515, 11775, 33, -54],
 [629099, 6997096, -55, -92, 386]]
---
ROW = -4 COL = -2

[1262270901516304, 52, 928, 94753600, 7289143, 9263],
 [588855652, 106, -63, 9063748, 48, 7628122],
 [-22, 58065515, 11775, 516497010, 33, -54],
 [629099, 6997096, -55, 66861995, -92, 386]]

[1766566956, 106, -63, 9063748, 7628122],
 [-22, 58065515, 11775, 516497010, -54],
 [629099, 6997096, -55, 66861995, 386]]
---
ROW = -4 COL = -1

[1262270901516304, 52, 928, 94753600, 7289143, 9263],
 [588855652, 106, -63, 9063748, 48, 7628122],
 [-22, 58065515, 11775, 516497010, 33, -54],
 [629099, 6997096, -55, 66861995, -92, 386]]

[1766566956, 106, -63, 9063748, 48],
 [-22, 58065515, 11775, 516497010, 33],
 [629099, 6997096, -55, 66861995, -92]]
---
ROW = -4 COL = 0

[1262270901516304, 52, 928, 94753600, 7289143, 9263],
 [588855652, 106, -63, 9063748, 48, 7628122],
 [-22, 58065515, 11775, 516497010, 33, -54],
 [629099, 6997096, -55, 66861995, -92, 386]]

[318, -63, 9063748, 48, 7628122],
 [58065515, 11775, 516497010, 33, -54],
 [6997096, -55, 66861995, -92, 386]]
---
ROW = -4 COL = 1

[1262270901516304, 52, 928, 94753600, 7289143, 9263],
 [588855652, 106, -63, 9063748, 48, 7628122],
 [-22, 58065515, 11775, 516497010, 33, -54],
 [629099, 6997096, -55, 66861995, -92, 386]]

[1766566956, -63, 9063748, 48, 7628122],
 [-22, 11775, 516497010, 33, -54],
 [629099, -55, 66861995, -92, 386]]
---
ROW = -4 COL = 2

[1262270901516304, 52, 928, 94753600, 7289143, 9263],
 [588855652, 106, -63, 9063748, 48, 7628122],
 [-22, 58065515, 11775, 516497010, 33, -54],
 [629099, 6997096, -55, 66861995, -92, 386]]

[1766566956, 106, 9063748, 48, 7628122],
 [-22, 58065515, 516497010, 33, -54],
 [629099, 6997096, 66861995, -92, 386]]
---
ROW = -4 COL = 3

[1262270901516304, 52, 928, 94753600, 7289143, 9263],
 [588855652, 106, -63, 9063748, 48, 7628122],
 [-22, 58065515, 11775, 516497010, 33, -54],
 [629099, 6997096, -55, 66861995, -92, 386]]

[1766566956, 106, -63, 48, 7628122],
 [-22, 58065515, 11775, 33, -54],
 [629099, 6997096, -55, -92, 386]]
---
ROW = -4 COL = 4

[1262270901516304, 52, 928, 94753600, 7289143, 9263],
 [588855652, 106, -63, 9063748, 48, 7628122],
 [-22, 58065515, 11775, 516497010, 33, -54],
 [629099, 6997096, -55, 66861995, -92, 386]]

[1766566956, 106, -63, 9063748, 7628122],
 [-22, 58065515, 11775, 516497010, -54],
 [629099, 6997096, -55, 66861995, 386]]
---
ROW = -4 COL = 5

[1262270901516304, 52, 928, 94753600, 7289143, 9263],
 [588855652, 106, -63, 9063748, 48, 7628122],
 [-22, 58065515, 11775, 516497010, 33, -54],
 [629099, 6997096, -55, 66861995, -92, 386]]

[1766566956, 106, -63, 9063748, 48],
 [-22, 58065515, 11775, 516497010, 33],
 [629099, 6997096, -55, 66861995, -92]]
---
ROW = -4 COL = 6

[1262270901516304, 52, 928, 94753600, 7289143, 9263],
 [588855652, 106, -63, 9063748, 48, 7628122],
 [-22, 58065515, 11775, 516497010, 33, -54],
 [629099, 6997096, -55, 66861995, -92, 386]]

[1766566956, 106, -63, 9063748, 48, 7628122],
 [-22, 58065515, 11775, 516497010, 33, -54],
 [629099, 6997096, -55, 66861995, -92, 386]]
---
ROW = -4 COL = 7

[1262270901516304, 52, 928, 94753600, 7289143, 9263],
 [588855652, 106, -63, 9063748, 48, 7628122],
 [-22, 58065515, 11775, 516497010, 33, -54],
 [629099, 6997096, -55, 66861995, -92, 386]]

[1766566956, 106, -63, 9063748, 48, 7628122],
 [-22, 58065515, 11775, 516497010, 33, -54],
 [629099, 6997096, -55, 66861995, -92, 386]]
---
ROW = -3 COL = -8

[1262270901516304, 52, 928, 94753600, 7289143, 9263],
 [588855652, 106, -63, 9063748, 48, 7628122],
 [-22, 58065515, 11775, 516497010, 33, -54],
 [629099, 6997096, -55, 66861995, -92, 386]]

[106585356, 52, 928, 94753600, 7289143, 9263],
 [-22, 58065515, 11775, 516497010, 33, -54],
 [629099, 6997096, -55, 66861995, -92, 386]]
---
ROW = -3 COL = -7

[1262270901516304, 52, 928, 94753600, 7289143, 9263],
 [588855652, 106, -63, 9063748, 48, 7628122],
 [-22, 58065515, 11775, 516497010, 33, -54],
 [629099, 6997096, -55, 66861995, -92, 386]]

[106585356, 52, 928, 94753600, 7289143, 9263],
 [-22, 58065515, 11775, 516497010, 33, -54],
 [629099, 6997096, -55, 66861995, -92, 386]]
---
ROW = -3 COL = -6

[1262270901516304, 52, 928, 94753600, 7289143, 9263],
 [588855652, 106, -63, 9063748, 48, 7628122],
 [-22, 58065515, 11775, 516497010, 33, -54],
 [629099, 6997096, -55, 66861995, -92, 386]]

[156, 928, 94753600, 7289143, 9263],
 [58065515, 11775, 516497010, 33, -54],
 [6997096, -55, 66861995, -92, 386]]
---
ROW = -3 COL = -5

[1262270901516304, 52, 928, 94753600, 7289143, 9263],
 [588855652, 106, -63, 9063748, 48, 7628122],
 [-22, 58065515, 11775, 516497010, 33, -54],
 [629099, 6997096, -55, 66861995, -92, 386]]

[106585356, 928, 94753600, 7289143, 9263],
 [-22, 11775, 516497010, 33, -54],
 [629099, -55, 66861995, -92, 386]]
---
ROW = -3 COL = -4

[1262270901516304, 52, 928, 94753600, 7289143, 9263],
 [588855652, 106, -63, 9063748, 48, 7628122],
 [-22, 58065515, 11775, 516497010, 33, -54],
 [629099, 6997096, -55, 66861995, -92, 386]]

[106585356, 52, 94753600, 7289143, 9263],
 [-22, 58065515, 516497010, 33, -54],
 [629099, 6997096, 66861995, -92, 386]]
---
ROW = -3 COL = -3

[1262270901516304, 52, 928, 94753600, 7289143, 9263],
 [588855652, 106, -63, 9063748, 48, 7628122],
 [-22, 58065515, 11775, 516497010, 33, -54],
 [629099, 6997096, -55, 66861995, -92, 386]]

[106585356, 52, 928, 7289143, 9263],
 [-22, 58065515, 11775, 33, -54],
 [629099, 6997096, -55, -92, 386]]
---
ROW = -3 COL = -2

[1262270901516304, 52, 928, 94753600, 7289143, 9263],
 [588855652, 106, -63, 9063748, 48, 7628122],
 [-22, 58065515, 11775, 516497010, 33, -54],
 [629099, 6997096, -55, 66861995, -92, 386]]

[106585356, 52, 928, 94753600, 9263],
 [-22, 58065515, 11775, 516497010, -54],
 [629099, 6997096, -55, 66861995, 386]]
---
ROW = -3 COL = -1

[1262270901516304, 52, 928, 94753600, 7289143, 9263],
 [588855652, 106, -63, 9063748, 48, 7628122],
 [-22, 58065515, 11775, 516497010, 33, -54],
 [629099, 6997096, -55, 66861995, -92, 386]]

[106585356, 52, 928, 94753600, 7289143],
 [-22, 58065515, 11775, 516497010, 33],
 [629099, 6997096, -55, 66861995, -92]]
---
ROW = -3 COL = 0

[1262270901516304, 52, 928, 94753600, 7289143, 9263],
 [588855652, 106, -63, 9063748, 48, 7628122],
 [-22, 58065515, 11775, 516497010, 33, -54],
 [629099, 6997096, -55, 66861995, -92, 386]]

[156, 928, 94753600, 7289143, 9263],
 [58065515, 11775, 516497010, 33, -54],
 [6997096, -55, 66861995, -92, 386]]
---
ROW = -3 COL = 1

[1262270901516304, 52, 928, 94753600, 7289143, 9263],
 [588855652, 106, -63, 9063748, 48, 7628122],
 [-22, 58065515, 11775, 516497010, 33, -54],
 [629099, 6997096, -55, 66861995, -92, 386]]

[106585356, 928, 94753600, 7289143, 9263],
 [-22, 11775, 516497010, 33, -54],
 [629099, -55, 66861995, -92, 386]]
---
ROW = -3 COL = 2

[1262270901516304, 52, 928, 94753600, 7289143, 9263],
 [588855652, 106, -63, 9063748, 48, 7628122],
 [-22, 58065515, 11775, 516497010, 33, -54],
 [629099, 6997096, -55, 66861995, -92, 386]]

[106585356, 52, 94753600, 7289143, 9263],
 [-22, 58065515, 516497010, 33, -54],
 [629099, 6997096, 66861995, -92, 386]]
---
ROW = -3 COL = 3

[1262270901516304, 52, 928, 94753600, 7289143, 9263],
 [588855652, 106, -63, 9063748, 48, 7628122],
 [-22, 58065515, 11775, 516497010, 33, -54],
 [629099, 6997096, -55, 66861995, -92, 386]]

[106585356, 52, 928, 7289143, 9263],
 [-22, 58065515, 11775, 33, -54],
 [629099, 6997096, -55, -92, 386]]
---
ROW = -3 COL = 4

[1262270901516304, 52, 928, 94753600, 7289143, 9263],
 [588855652, 106, -63, 9063748, 48, 7628122],
 [-22, 58065515, 11775, 516497010, 33, -54],
 [629099, 6997096, -55, 66861995, -92, 386]]

[106585356, 52, 928, 94753600, 9263],
 [-22, 58065515, 11775, 516497010, -54],
 [629099, 6997096, -55, 66861995, 386]]
---
ROW = -3 COL = 5

[1262270901516304, 52, 928, 94753600, 7289143, 9263],
 [588855652, 106, -63, 9063748, 48, 7628122],
 [-22, 58065515, 11775, 516497010, 33, -54],
 [629099, 6997096, -55, 66861995, -92, 386]]

[106585356, 52, 928, 94753600, 7289143],
 [-22, 58065515, 11775, 516497010, 33],
 [629099, 6997096, -55, 66861995, -92]]
---
ROW = -3 COL = 6

[1262270901516304, 52, 928, 94753600, 7289143, 9263],
 [588855652, 106, -63, 9063748, 48, 7628122],
 [-22, 58065515, 11775, 516497010, 33, -54],
 [629099, 6997096, -55, 66861995, -92, 386]]

[106585356, 52, 928, 94753600, 7289143, 9263],
 [-22, 58065515, 11775, 516497010, 33, -54],
 [629099, 6997096, -55, 66861995, -92, 386]]
---
ROW = -3 COL = 7

[1262270901516304, 52, 928, 94753600, 7289143, 9263],
 [588855652, 106, -63, 9063748, 48, 7628122],
 [-22, 58065515, 11775, 516497010, 33, -54],
 [629099, 6997096, -55, 66861995, -92, 386]]

[106585356, 52, 928, 94753600, 7289143, 9263],
 [-22, 58065515, 11775, 516497010, 33, -54],
 [629099, 6997096, -55, 66861995, -92, 386]]
---
ROW = -2 COL = -8

[1262270901516304, 52, 928, 94753600, 7289143, 9263],
 [588855652, 106, -63, 9063748, 48, 7628122],
 [-22, 58065515, 11775, 516497010, 33, -54],
 [629099, 6997096, -55, 66861995, -92, 386]]

[106585356, 52, 928, 94753600, 7289143, 9263],
 [588855652, 106, -63, 9063748, 48, 7628122],
 [629099, 6997096, -55, 66861995, -92, 386]]
---
ROW = -2 COL = -7

[1262270901516304, 52, 928, 94753600, 7289143, 9263],
 [588855652, 106, -63, 9063748, 48, 7628122],
 [-22, 58065515, 11775, 516497010, 33, -54],
 [629099, 6997096, -55, 66861995, -92, 386]]

[106585356, 52, 928, 94753600, 7289143, 9263],
 [588855652, 106, -63, 9063748, 48, 7628122],
 [629099, 6997096, -55, 66861995, -92, 386]]
---
ROW = -2 COL = -6

[1262270901516304, 52, 928, 94753600, 7289143, 9263],
 [588855652, 106, -63, 9063748, 48, 7628122],
 [-22, 58065515, 11775, 516497010, 33, -54],
 [629099, 6997096, -55, 66861995, -92, 386]]

[156, 928, 94753600, 7289143, 9263],
 [106, -63, 9063748, 48, 7628122],
 [6997096, -55, 66861995, -92, 386]]
---
ROW = -2 COL = -5

[1262270901516304, 52, 928, 94753600, 7289143, 9263],
 [588855652, 106, -63, 9063748, 48, 7628122],
 [-22, 58065515, 11775, 516497010, 33, -54],
 [629099, 6997096, -55, 66861995, -92, 386]]

[106585356, 928, 94753600, 7289143, 9263],
 [588855652, -63, 9063748, 48, 7628122],
 [629099, -55, 66861995, -92, 386]]
---
ROW = -2 COL = -4

[1262270901516304, 52, 928, 94753600, 7289143, 9263],
 [588855652, 106, -63, 9063748, 48, 7628122],
 [-22, 58065515, 11775, 516497010, 33, -54],
 [629099, 6997096, -55, 66861995, -92, 386]]

[106585356, 52, 94753600, 7289143, 9263],
 [588855652, 106, 9063748, 48, 7628122],
 [629099, 6997096, 66861995, -92, 386]]
---
ROW = -2 COL = -3

[1262270901516304, 52, 928, 94753600, 7289143, 9263],
 [588855652, 106, -63, 9063748, 48, 7628122],
 [-22, 58065515, 11775, 516497010, 33, -54],
 [629099, 6997096, -55, 66861995, -92, 386]]

[106585356, 52, 928, 7289143, 9263],
 [588855652, 106, -63, 48, 7628122],
 [629099, 6997096, -55, -92, 386]]
---
ROW = -2 COL = -2

[1262270901516304, 52, 928, 94753600, 7289143, 9263],
 [588855652, 106, -63, 9063748, 48, 7628122],
 [-22, 58065515, 11775, 516497010, 33, -54],
 [629099, 6997096, -55, 66861995, -92, 386]]

[106585356, 52, 928, 94753600, 9263],
 [588855652, 106, -63, 9063748, 7628122],
 [629099, 6997096, -55, 66861995, 386]]
---
ROW = -2 COL = -1

[1262270901516304, 52, 928, 94753600, 7289143, 9263],
 [588855652, 106, -63, 9063748, 48, 7628122],
 [-22, 58065515, 11775, 516497010, 33, -54],
 [629099, 6997096, -55, 66861995, -92, 386]]

[106585356, 52, 928, 94753600, 7289143],
 [588855652, 106, -63, 9063748, 48],
 [629099, 6997096, -55, 66861995, -92]]
---
ROW = -2 COL = 0

[1262270901516304, 52, 928, 94753600, 7289143, 9263],
 [588855652, 106, -63, 9063748, 48, 7628122],
 [-22, 58065515, 11775, 516497010, 33, -54],
 [629099, 6997096, -55, 66861995, -92, 386]]

[156, 928, 94753600, 7289143, 9263],
 [106, -63, 9063748, 48, 7628122],
 [6997096, -55, 66861995, -92, 386]]
---
ROW = -2 COL = 1

[1262270901516304, 52, 928, 94753600, 7289143, 9263],
 [588855652, 106, -63, 9063748, 48, 7628122],
 [-22, 58065515, 11775, 516497010, 33, -54],
 [629099, 6997096, -55, 66861995, -92, 386]]

[106585356, 928, 94753600, 7289143, 9263],
 [588855652, -63, 9063748, 48, 7628122],
 [629099, -55, 66861995, -92, 386]]
---
ROW = -2 COL = 2

[1262270901516304, 52, 928, 94753600, 7289143, 9263],
 [588855652, 106, -63, 9063748, 48, 7628122],
 [-22, 58065515, 11775, 516497010, 33, -54],
 [629099, 6997096, -55, 66861995, -92, 386]]

[106585356, 52, 94753600, 7289143, 9263],
 [588855652, 106, 9063748, 48, 7628122],
 [629099, 6997096, 66861995, -92, 386]]
---
ROW = -2 COL = 3

[1262270901516304, 52, 928, 94753600, 7289143, 9263],
 [588855652, 106, -63, 9063748, 48, 7628122],
 [-22, 58065515, 11775, 516497010, 33, -54],
 [629099, 6997096, -55, 66861995, -92, 386]]

[106585356, 52, 928, 7289143, 9263],
 [588855652, 106, -63, 48, 7628122],
 [629099, 6997096, -55, -92, 386]]
---
ROW = -2 COL = 4

[1262270901516304, 52, 928, 94753600, 7289143, 9263],
 [588855652, 106, -63, 9063748, 48, 7628122],
 [-22, 58065515, 11775, 516497010, 33, -54],
 [629099, 6997096, -55, 66861995, -92, 386]]

[106585356, 52, 928, 94753600, 9263],
 [588855652, 106, -63, 9063748, 7628122],
 [629099, 6997096, -55, 66861995, 386]]
---
ROW = -2 COL = 5

[1262270901516304, 52, 928, 94753600, 7289143, 9263],
 [588855652, 106, -63, 9063748, 48, 7628122],
 [-22, 58065515, 11775, 516497010, 33, -54],
 [629099, 6997096, -55, 66861995, -92, 386]]

[106585356, 52, 928, 94753600, 7289143],
 [588855652, 106, -63, 9063748, 48],
 [629099, 6997096, -55, 66861995, -92]]
---
ROW = -2 COL = 6

[1262270901516304, 52, 928, 94753600, 7289143, 9263],
 [588855652, 106, -63, 9063748, 48, 7628122],
 [-22, 58065515, 11775, 516497010, 33, -54],
 [629099, 6997096, -55, 66861995, -92, 386]]

[106585356, 52, 928, 94753600, 7289143, 9263],
 [588855652, 106, -63, 9063748, 48, 7628122],
 [629099, 6997096, -55, 66861995, -92, 386]]
---
ROW = -2 COL = 7

[1262270901516304, 52, 928, 94753600, 7289143, 9263],
 [588855652, 106, -63, 9063748, 48, 7628122],
 [-22, 58065515, 11775, 516497010, 33, -54],
 [629099, 6997096, -55, 66861995, -92, 386]]

[106585356, 52, 928, 94753600, 7289143, 9263],
 [588855652, 106, -63, 9063748, 48, 7628122],
 [629099, 6997096, -55, 66861995, -92, 386]]
---
ROW = -1 COL = -8

[1262270901516304, 52, 928, 94753600, 7289143, 9263],
 [588855652, 106, -63, 9063748, 48, 7628122],
 [-22, 58065515, 11775, 516497010, 33, -54],
 [629099, 6997096, -55, 66861995, -92, 386]]

[106585356, 52, 928, 94753600, 7289143, 9263],
 [588855652, 106, -63, 9063748, 48, 7628122],
 [-22, 58065515, 11775, 516497010, 33, -54]]
---
ROW = -1 COL = -7

[1262270901516304, 52, 928, 94753600, 7289143, 9263],
 [588855652, 106, -63, 9063748, 48, 7628122],
 [-22, 58065515, 11775, 516497010, 33, -54],
 [629099, 6997096, -55, 66861995, -92, 386]]

[106585356, 52, 928, 94753600, 7289143, 9263],
 [588855652, 106, -63, 9063748, 48, 7628122],
 [-22, 58065515, 11775, 516497010, 33, -54]]
---
ROW = -1 COL = -6

[1262270901516304, 52, 928, 94753600, 7289143, 9263],
 [588855652, 106, -63, 9063748, 48, 7628122],
 [-22, 58065515, 11775, 516497010, 33, -54],
 [629099, 6997096, -55, 66861995, -92, 386]]

[156, 928, 94753600, 7289143, 9263],
 [106, -63, 9063748, 48, 7628122],
 [58065515, 11775, 516497010, 33, -54]]
---
ROW = -1 COL = -5

[1262270901516304, 52, 928, 94753600, 7289143, 9263],
 [588855652, 106, -63, 9063748, 48, 7628122],
 [-22, 58065515, 11775, 516497010, 33, -54],
 [629099, 6997096, -55, 66861995, -92, 386]]

[106585356, 928, 94753600, 7289143, 9263],
 [588855652, -63, 9063748, 48, 7628122],
 [-22, 11775, 516497010, 33, -54]]
---
ROW = -1 COL = -4

[1262270901516304, 52, 928, 94753600, 7289143, 9263],
 [588855652, 106, -63, 9063748, 48, 7628122],
 [-22, 58065515, 11775, 516497010, 33, -54],
 [629099, 6997096, -55, 66861995, -92, 386]]

[106585356, 52, 94753600, 7289143, 9263],
 [588855652, 106, 9063748, 48, 7628122],
 [-22, 58065515, 516497010, 33, -54]]
---
ROW = -1 COL = -3

[1262270901516304, 52, 928, 94753600, 7289143, 9263],
 [588855652, 106, -63, 9063748, 48, 7628122],
 [-22, 58065515, 11775, 516497010, 33, -54],
 [629099, 6997096, -55, 66861995, -92, 386]]

[106585356, 52, 928, 7289143, 9263],
 [588855652, 106, -63, 48, 7628122],
 [-22, 58065515, 11775, 33, -54]]
---
ROW = -1 COL = -2

[1262270901516304, 52, 928, 94753600, 7289143, 9263],
 [588855652, 106, -63, 9063748, 48, 7628122],
 [-22, 58065515, 11775, 516497010, 33, -54],
 [629099, 6997096, -55, 66861995, -92, 386]]

[106585356, 52, 928, 94753600, 9263],
 [588855652, 106, -63, 9063748, 7628122],
 [-22, 58065515, 11775, 516497010, -54]]
---
ROW = -1 COL = -1

[1262270901516304, 52, 928, 94753600, 7289143, 9263],
 [588855652, 106, -63, 9063748, 48, 7628122],
 [-22, 58065515, 11775, 516497010, 33, -54],
 [629099, 6997096, -55, 66861995, -92, 386]]

[106585356, 52, 928, 94753600, 7289143],
 [588855652, 106, -63, 9063748, 48],
 [-22, 58065515, 11775, 516497010, 33]]
---
ROW = -1 COL = 0

[1262270901516304, 52, 928, 94753600, 7289143, 9263],
 [588855652, 106, -63, 9063748, 48, 7628122],
 [-22, 58065515, 11775, 516497010, 33, -54],
 [629099, 6997096, -55, 66861995, -92, 386]]

[156, 928, 94753600, 7289143, 9263],
 [106, -63, 9063748, 48, 7628122],
 [58065515, 11775, 516497010, 33, -54]]
---
ROW = -1 COL = 1

[1262270901516304, 52, 928, 94753600, 7289143, 9263],
 [588855652, 106, -63, 9063748, 48, 7628122],
 [-22, 58065515, 11775, 516497010, 33, -54],
 [629099, 6997096, -55, 66861995, -92, 386]]

[106585356, 928, 94753600, 7289143, 9263],
 [588855652, -63, 9063748, 48, 7628122],
 [-22, 11775, 516497010, 33, -54]]
---
ROW = -1 COL = 2

[1262270901516304, 52, 928, 94753600, 7289143, 9263],
 [588855652, 106, -63, 9063748, 48, 7628122],
 [-22, 58065515, 11775, 516497010, 33, -54],
 [629099, 6997096, -55, 66861995, -92, 386]]

[106585356, 52, 94753600, 7289143, 9263],
 [588855652, 106, 9063748, 48, 7628122],
 [-22, 58065515, 516497010, 33, -54]]
---
ROW = -1 COL = 3

[1262270901516304, 52, 928, 94753600, 7289143, 9263],
 [588855652, 106, -63, 9063748, 48, 7628122],
 [-22, 58065515, 11775, 516497010, 33, -54],
 [629099, 6997096, -55, 66861995, -92, 386]]

[106585356, 52, 928, 7289143, 9263],
 [588855652, 106, -63, 48, 7628122],
 [-22, 58065515, 11775, 33, -54]]
---
ROW = -1 COL = 4

[1262270901516304, 52, 928, 94753600, 7289143, 9263],
 [588855652, 106, -63, 9063748, 48, 7628122],
 [-22, 58065515, 11775, 516497010, 33, -54],
 [629099, 6997096, -55, 66861995, -92, 386]]

[106585356, 52, 928, 94753600, 9263],
 [588855652, 106, -63, 9063748, 7628122],
 [-22, 58065515, 11775, 516497010, -54]]
---
ROW = -1 COL = 5

[1262270901516304, 52, 928, 94753600, 7289143, 9263],
 [588855652, 106, -63, 9063748, 48, 7628122],
 [-22, 58065515, 11775, 516497010, 33, -54],
 [629099, 6997096, -55, 66861995, -92, 386]]

[106585356, 52, 928, 94753600, 7289143],
 [588855652, 106, -63, 9063748, 48],
 [-22, 58065515, 11775, 516497010, 33]]
---
ROW = -1 COL = 6

[1262270901516304, 52, 928, 94753600, 7289143, 9263],
 [588855652, 106, -63, 9063748, 48, 7628122],
 [-22, 58065515, 11775, 516497010, 33, -54],
 [629099, 6997096, -55, 66861995, -92, 386]]

[106585356, 52, 928, 94753600, 7289143, 9263],
 [588855652, 106, -63, 9063748, 48, 7628122],
 [-22, 58065515, 11775, 516497010, 33, -54]]
---
ROW = -1 COL = 7

[1262270901516304, 52, 928, 94753600, 7289143, 9263],
 [588855652, 106, -63, 9063748, 48, 7628122],
 [-22, 58065515, 11775, 516497010, 33, -54],
 [629099, 6997096, -55, 66861995, -92, 386]]

[106585356, 52, 928, 94753600, 7289143, 9263],
 [588855652, 106, -63, 9063748, 48, 7628122],
 [-22, 58065515, 11775, 516497010, 33, -54]]
---
ROW = 0 COL = -8

[1262270901516304, 52, 928, 94753600, 7289143, 9263],
 [588855652, 106, -63, 9063748, 48, 7628122],
 [-22, 58065515, 11775, 516497010, 33, -54],
 [629099, 6997096, -55, 66861995, -92, 386]]

[1766566956, 106, -63, 9063748, 48, 7628122],
 [-22, 58065515, 11775, 516497010, 33, -54],
 [629099, 6997096, -55, 66861995, -92, 386]]
---
ROW = 0 COL = -7

[1262270901516304, 52, 928, 94753600, 7289143, 9263],
 [588855652, 106, -63, 9063748, 48, 7628122],
 [-22, 58065515, 11775, 516497010, 33, -54],
 [629099, 6997096, -55, 66861995, -92, 386]]

[1766566956, 106, -63, 9063748, 48, 7628122],
 [-22, 58065515, 11775, 516497010, 33, -54],
 [629099, 6997096, -55, 66861995, -92, 386]]
---
ROW = 0 COL = -6

[1262270901516304, 52, 928, 94753600, 7289143, 9263],
 [588855652, 106, -63, 9063748, 48, 7628122],
 [-22, 58065515, 11775, 516497010, 33, -54],
 [629099, 6997096, -55, 66861995, -92, 386]]

[318, -63, 9063748, 48, 7628122],
 [58065515, 11775, 516497010, 33, -54],
 [6997096, -55, 66861995, -92, 386]]
---
ROW = 0 COL = -5

[1262270901516304, 52, 928, 94753600, 7289143, 9263],
 [588855652, 106, -63, 9063748, 48, 7628122],
 [-22, 58065515, 11775, 516497010, 33, -54],
 [629099, 6997096, -55, 66861995, -92, 386]]

[1766566956, -63, 9063748, 48, 7628122],
 [-22, 11775, 516497010, 33, -54],
 [629099, -55, 66861995, -92, 386]]
---
ROW = 0 COL = -4

[1262270901516304, 52, 928, 94753600, 7289143, 9263],
 [588855652, 106, -63, 9063748, 48, 7628122],
 [-22, 58065515, 11775, 516497010, 33, -54],
 [629099, 6997096, -55, 66861995, -92, 386]]

[1766566956, 106, 9063748, 48, 7628122],
 [-22, 58065515, 516497010, 33, -54],
 [629099, 6997096, 66861995, -92, 386]]
---
ROW = 0 COL = -3

[1262270901516304, 52, 928, 94753600, 7289143, 9263],
 [588855652, 106, -63, 9063748, 48, 7628122],
 [-22, 58065515, 11775, 516497010, 33, -54],
 [629099, 6997096, -55, 66861995, -92, 386]]

[1766566956, 106, -63, 48, 7628122],
 [-22, 58065515, 11775, 33, -54],
 [629099, 6997096, -55, -92, 386]]
---
ROW = 0 COL = -2

[1262270901516304, 52, 928, 94753600, 7289143, 9263],
 [588855652, 106, -63, 9063748, 48, 7628122],
 [-22, 58065515, 11775, 516497010, 33, -54],
 [629099, 6997096, -55, 66861995, -92, 386]]

[1766566956, 106, -63, 9063748, 7628122],
 [-22, 58065515, 11775, 516497010, -54],
 [629099, 6997096, -55, 66861995, 386]]
---
ROW = 0 COL = -1

[1262270901516304, 52, 928, 94753600, 7289143, 9263],
 [588855652, 106, -63, 9063748, 48, 7628122],
 [-22, 58065515, 11775, 516497010, 33, -54],
 [629099, 6997096, -55, 66861995, -92, 386]]

[1766566956, 106, -63, 9063748, 48],
 [-22, 58065515, 11775, 516497010, 33],
 [629099, 6997096, -55, 66861995, -92]]
---
ROW = 0 COL = 0

[1262270901516304, 52, 928, 94753600, 7289143, 9263],
 [588855652, 106, -63, 9063748, 48, 7628122],
 [-22, 58065515, 11775, 516497010, 33, -54],
 [629099, 6997096, -55, 66861995, -92, 386]]

[318, -63, 9063748, 48, 7628122],
 [58065515, 11775, 516497010, 33, -54],
 [6997096, -55, 66861995, -92, 386]]
---
ROW = 0 COL = 1

[1262270901516304, 52, 928, 94753600, 7289143, 9263],
 [588855652, 106, -63, 9063748, 48, 7628122],
 [-22, 58065515, 11775, 516497010, 33, -54],
 [629099, 6997096, -55, 66861995, -92, 386]]

[1766566956, -63, 9063748, 48, 7628122],
 [-22, 11775, 516497010, 33, -54],
 [629099, -55, 66861995, -92, 386]]
---
ROW = 0 COL = 2

[1262270901516304, 52, 928, 94753600, 7289143, 9263],
 [588855652, 106, -63, 9063748, 48, 7628122],
 [-22, 58065515, 11775, 516497010, 33, -54],
 [629099, 6997096, -55, 66861995, -92, 386]]

[1766566956, 106, 9063748, 48, 7628122],
 [-22, 58065515, 516497010, 33, -54],
 [629099, 6997096, 66861995, -92, 386]]
---
ROW = 0 COL = 3

[1262270901516304, 52, 928, 94753600, 7289143, 9263],
 [588855652, 106, -63, 9063748, 48, 7628122],
 [-22, 58065515, 11775, 516497010, 33, -54],
 [629099, 6997096, -55, 66861995, -92, 386]]

[1766566956, 106, -63, 48, 7628122],
 [-22, 58065515, 11775, 33, -54],
 [629099, 6997096, -55, -92, 386]]
---
ROW = 0 COL = 4

[1262270901516304, 52, 928, 94753600, 7289143, 9263],
 [588855652, 106, -63, 9063748, 48, 7628122],
 [-22, 58065515, 11775, 516497010, 33, -54],
 [629099, 6997096, -55, 66861995, -92, 386]]

[1766566956, 106, -63, 9063748, 7628122],
 [-22, 58065515, 11775, 516497010, -54],
 [629099, 6997096, -55, 66861995, 386]]
---
ROW = 0 COL = 5

[1262270901516304, 52, 928, 94753600, 7289143, 9263],
 [588855652, 106, -63, 9063748, 48, 7628122],
 [-22, 58065515, 11775, 516497010, 33, -54],
 [629099, 6997096, -55, 66861995, -92, 386]]

[1766566956, 106, -63, 9063748, 48],
 [-22, 58065515, 11775, 516497010, 33],
 [629099, 6997096, -55, 66861995, -92]]
---
ROW = 0 COL = 6

[1262270901516304, 52, 928, 94753600, 7289143, 9263],
 [588855652, 106, -63, 9063748, 48, 7628122],
 [-22, 58065515, 11775, 516497010, 33, -54],
 [629099, 6997096, -55, 66861995, -92, 386]]

[1766566956, 106, -63, 9063748, 48, 7628122],
 [-22, 58065515, 11775, 516497010, 33, -54],
 [629099, 6997096, -55, 66861995, -92, 386]]
---
ROW = 0 COL = 7

[1262270901516304, 52, 928, 94753600, 7289143, 9263],
 [588855652, 106, -63, 9063748, 48, 7628122],
 [-22, 58065515, 11775, 516497010, 33, -54],
 [629099, 6997096, -55, 66861995, -92, 386]]

[1766566956, 106, -63, 9063748, 48, 7628122],
 [-22, 58065515, 11775, 516497010, 33, -54],
 [629099, 6997096, -55, 66861995, -92, 386]]
---
ROW = 1 COL = -8

[1262270901516304, 52, 928, 94753600, 7289143, 9263],
 [588855652, 106, -63, 9063748, 48, 7628122],
 [-22, 58065515, 11775, 516497010, 33, -54],
 [629099, 6997096, -55, 66861995, -92, 386]]

[106585356, 52, 928, 94753600, 7289143, 9263],
 [-22, 58065515, 11775, 516497010, 33, -54],
 [629099, 6997096, -55, 66861995, -92, 386]]
---
ROW = 1 COL = -7

[1262270901516304, 52, 928, 94753600, 7289143, 9263],
 [588855652, 106, -63, 9063748, 48, 7628122],
 [-22, 58065515, 11775, 516497010, 33, -54],
 [629099, 6997096, -55, 66861995, -92, 386]]

[106585356, 52, 928, 94753600, 7289143, 9263],
 [-22, 58065515, 11775, 516497010, 33, -54],
 [629099, 6997096, -55, 66861995, -92, 386]]
---
ROW = 1 COL = -6

[1262270901516304, 52, 928, 94753600, 7289143, 9263],
 [588855652, 106, -63, 9063748, 48, 7628122],
 [-22, 58065515, 11775, 516497010, 33, -54],
 [629099, 6997096, -55, 66861995, -92, 386]]

[156, 928, 94753600, 7289143, 9263],
 [58065515, 11775, 516497010, 33, -54],
 [6997096, -55, 66861995, -92, 386]]
---
ROW = 1 COL = -5

[1262270901516304, 52, 928, 94753600, 7289143, 9263],
 [588855652, 106, -63, 9063748, 48, 7628122],
 [-22, 58065515, 11775, 516497010, 33, -54],
 [629099, 6997096, -55, 66861995, -92, 386]]

[106585356, 928, 94753600, 7289143, 9263],
 [-22, 11775, 516497010, 33, -54],
 [629099, -55, 66861995, -92, 386]]
---
ROW = 1 COL = -4

[1262270901516304, 52, 928, 94753600, 7289143, 9263],
 [588855652, 106, -63, 9063748, 48, 7628122],
 [-22, 58065515, 11775, 516497010, 33, -54],
 [629099, 6997096, -55, 66861995, -92, 386]]

[106585356, 52, 94753600, 7289143, 9263],
 [-22, 58065515, 516497010, 33, -54],
 [629099, 6997096, 66861995, -92, 386]]
---
ROW = 1 COL = -3

[1262270901516304, 52, 928, 94753600, 7289143, 9263],
 [588855652, 106, -63, 9063748, 48, 7628122],
 [-22, 58065515, 11775, 516497010, 33, -54],
 [629099, 6997096, -55, 66861995, -92, 386]]

[106585356, 52, 928, 7289143, 9263],
 [-22, 58065515, 11775, 33, -54],
 [629099, 6997096, -55, -92, 386]]
---
ROW = 1 COL = -2

[1262270901516304, 52, 928, 94753600, 7289143, 9263],
 [588855652, 106, -63, 9063748, 48, 7628122],
 [-22, 58065515, 11775, 516497010, 33, -54],
 [629099, 6997096, -55, 66861995, -92, 386]]

[106585356, 52, 928, 94753600, 9263],
 [-22, 58065515, 11775, 516497010, -54],
 [629099, 6997096, -55, 66861995, 386]]
---
ROW = 1 COL = -1

[1262270901516304, 52, 928, 94753600, 7289143, 9263],
 [588855652, 106, -63, 9063748, 48, 7628122],
 [-22, 58065515, 11775, 516497010, 33, -54],
 [629099, 6997096, -55, 66861995, -92, 386]]

[106585356, 52, 928, 94753600, 7289143],
 [-22, 58065515, 11775, 516497010, 33],
 [629099, 6997096, -55, 66861995, -92]]
---
ROW = 1 COL = 0

[1262270901516304, 52, 928, 94753600, 7289143, 9263],
 [588855652, 106, -63, 9063748, 48, 7628122],
 [-22, 58065515, 11775, 516497010, 33, -54],
 [629099, 6997096, -55, 66861995, -92, 386]]

[156, 928, 94753600, 7289143, 9263],
 [58065515, 11775, 516497010, 33, -54],
 [6997096, -55, 66861995, -92, 386]]
---
ROW = 1 COL = 1

[1262270901516304, 52, 928, 94753600, 7289143, 9263],
 [588855652, 106, -63, 9063748, 48, 7628122],
 [-22, 58065515, 11775, 516497010, 33, -54],
 [629099, 6997096, -55, 66861995, -92, 386]]

[106585356, 928, 94753600, 7289143, 9263],
 [-22, 11775, 516497010, 33, -54],
 [629099, -55, 66861995, -92, 386]]
---
ROW = 1 COL = 2

[1262270901516304, 52, 928, 94753600, 7289143, 9263],
 [588855652, 106, -63, 9063748, 48, 7628122],
 [-22, 58065515, 11775, 516497010, 33, -54],
 [629099, 6997096, -55, 66861995, -92, 386]]

[106585356, 52, 94753600, 7289143, 9263],
 [-22, 58065515, 516497010, 33, -54],
 [629099, 6997096, 66861995, -92, 386]]
---
ROW = 1 COL = 3

[1262270901516304, 52, 928, 94753600, 7289143, 9263],
 [588855652, 106, -63, 9063748, 48, 7628122],
 [-22, 58065515, 11775, 516497010, 33, -54],
 [629099, 6997096, -55, 66861995, -92, 386]]

[106585356, 52, 928, 7289143, 9263],
 [-22, 58065515, 11775, 33, -54],
 [629099, 6997096, -55, -92, 386]]
---
ROW = 1 COL = 4

[1262270901516304, 52, 928, 94753600, 7289143, 9263],
 [588855652, 106, -63, 9063748, 48, 7628122],
 [-22, 58065515, 11775, 516497010, 33, -54],
 [629099, 6997096, -55, 66861995, -92, 386]]

[106585356, 52, 928, 94753600, 9263],
 [-22, 58065515, 11775, 516497010, -54],
 [629099, 6997096, -55, 66861995, 386]]
---
ROW = 1 COL = 5

[1262270901516304, 52, 928, 94753600, 7289143, 9263],
 [588855652, 106, -63, 9063748, 48, 7628122],
 [-22, 58065515, 11775, 516497010, 33, -54],
 [629099, 6997096, -55, 66861995, -92, 386]]

[106585356, 52, 928, 94753600, 7289143],
 [-22, 58065515, 11775, 516497010, 33],
 [629099, 6997096, -55, 66861995, -92]]
---
ROW = 1 COL = 6

[1262270901516304, 52, 928, 94753600, 7289143, 9263],
 [588855652, 106, -63, 9063748, 48, 7628122],
 [-22, 58065515, 11775, 516497010, 33, -54],
 [629099, 6997096, -55, 66861995, -92, 386]]

[106585356, 52, 928, 94753600, 7289143, 9263],
 [-22, 58065515, 11775, 516497010, 33, -54],
 [629099, 6997096, -55, 66861995, -92, 386]]
---
ROW = 1 COL = 7

[1262270901516304, 52, 928, 94753600, 7289143, 9263],
 [588855652, 106, -63, 9063748, 48, 7628122],
 [-22, 58065515, 11775, 516497010, 33, -54],
 [629099, 6997096, -55, 66861995, -92, 386]]

[106585356, 52, 928, 94753600, 7289143, 9263],
 [-22, 58065515, 11775, 516497010, 33, -54],
 [629099, 6997096, -55, 66861995, -92, 386]]
---
ROW = 2 COL = -8

[1262270901516304, 52, 928, 94753600, 7289143, 9263],
 [588855652, 106, -63, 9063748, 48, 7628122],
 [-22, 58065515, 11775, 516497010, 33, -54],
 [629099, 6997096, -55, 66861995, -92, 386]]

[106585356, 52, 928, 94753600, 7289143, 9263],
 [588855652, 106, -63, 9063748, 48, 7628122],
 [629099, 6997096, -55, 66861995, -92, 386]]
---
ROW = 2 COL = -7

[1262270901516304, 52, 928, 94753600, 7289143, 9263],
 [588855652, 106, -63, 9063748, 48, 7628122],
 [-22, 58065515, 11775, 516497010, 33, -54],
 [629099, 6997096, -55, 66861995, -92, 386]]

[106585356, 52, 928, 94753600, 7289143, 9263],
 [588855652, 106, -63, 9063748, 48, 7628122],
 [629099, 6997096, -55, 66861995, -92, 386]]
---
ROW = 2 COL = -6

[1262270901516304, 52, 928, 94753600, 7289143, 9263],
 [588855652, 106, -63, 9063748, 48, 7628122],
 [-22, 58065515, 11775, 516497010, 33, -54],
 [629099, 6997096, -55, 66861995, -92, 386]]

[156, 928, 94753600, 7289143, 9263],
 [106, -63, 9063748, 48, 7628122],
 [6997096, -55, 66861995, -92, 386]]
---
ROW = 2 COL = -5

[1262270901516304, 52, 928, 94753600, 7289143, 9263],
 [588855652, 106, -63, 9063748, 48, 7628122],
 [-22, 58065515, 11775, 516497010, 33, -54],
 [629099, 6997096, -55, 66861995, -92, 386]]

[106585356, 928, 94753600, 7289143, 9263],
 [588855652, -63, 9063748, 48, 7628122],
 [629099, -55, 66861995, -92, 386]]
---
ROW = 2 COL = -4

[1262270901516304, 52, 928, 94753600, 7289143, 9263],
 [588855652, 106, -63, 9063748, 48, 7628122],
 [-22, 58065515, 11775, 516497010, 33, -54],
 [629099, 6997096, -55, 66861995, -92, 386]]

[106585356, 52, 94753600, 7289143, 9263],
 [588855652, 106, 9063748, 48, 7628122],
 [629099, 6997096, 66861995, -92, 386]]
---
ROW = 2 COL = -3

[1262270901516304, 52, 928, 94753600, 7289143, 9263],
 [588855652, 106, -63, 9063748, 48, 7628122],
 [-22, 58065515, 11775, 516497010, 33, -54],
 [629099, 6997096, -55, 66861995, -92, 386]]

[106585356, 52, 928, 7289143, 9263],
 [588855652, 106, -63, 48, 7628122],
 [629099, 6997096, -55, -92, 386]]
---
ROW = 2 COL = -2

[1262270901516304, 52, 928, 94753600, 7289143, 9263],
 [588855652, 106, -63, 9063748, 48, 7628122],
 [-22, 58065515, 11775, 516497010, 33, -54],
 [629099, 6997096, -55, 66861995, -92, 386]]

[106585356, 52, 928, 94753600, 9263],
 [588855652, 106, -63, 9063748, 7628122],
 [629099, 6997096, -55, 66861995, 386]]
---
ROW = 2 COL = -1

[1262270901516304, 52, 928, 94753600, 7289143, 9263],
 [588855652, 106, -63, 9063748, 48, 7628122],
 [-22, 58065515, 11775, 516497010, 33, -54],
 [629099, 6997096, -55, 66861995, -92, 386]]

[106585356, 52, 928, 94753600, 7289143],
 [588855652, 106, -63, 9063748, 48],
 [629099, 6997096, -55, 66861995, -92]]
---
ROW = 2 COL = 0

[1262270901516304, 52, 928, 94753600, 7289143, 9263],
 [588855652, 106, -63, 9063748, 48, 7628122],
 [-22, 58065515, 11775, 516497010, 33, -54],
 [629099, 6997096, -55, 66861995, -92, 386]]

[156, 928, 94753600, 7289143, 9263],
 [106, -63, 9063748, 48, 7628122],
 [6997096, -55, 66861995, -92, 386]]
---
ROW = 2 COL = 1

[1262270901516304, 52, 928, 94753600, 7289143, 9263],
 [588855652, 106, -63, 9063748, 48, 7628122],
 [-22, 58065515, 11775, 516497010, 33, -54],
 [629099, 6997096, -55, 66861995, -92, 386]]

[106585356, 928, 94753600, 7289143, 9263],
 [588855652, -63, 9063748, 48, 7628122],
 [629099, -55, 66861995, -92, 386]]
---
ROW = 2 COL = 2

[1262270901516304, 52, 928, 94753600, 7289143, 9263],
 [588855652, 106, -63, 9063748, 48, 7628122],
 [-22, 58065515, 11775, 516497010, 33, -54],
 [629099, 6997096, -55, 66861995, -92, 386]]

[106585356, 52, 94753600, 7289143, 9263],
 [588855652, 106, 9063748, 48, 7628122],
 [629099, 6997096, 66861995, -92, 386]]
---
ROW = 2 COL = 3

[1262270901516304, 52, 928, 94753600, 7289143, 9263],
 [588855652, 106, -63, 9063748, 48, 7628122],
 [-22, 58065515, 11775, 516497010, 33, -54],
 [629099, 6997096, -55, 66861995, -92, 386]]

[106585356, 52, 928, 7289143, 9263],
 [588855652, 106, -63, 48, 7628122],
 [629099, 6997096, -55, -92, 386]]
---
ROW = 2 COL = 4

[1262270901516304, 52, 928, 94753600, 7289143, 9263],
 [588855652, 106, -63, 9063748, 48, 7628122],
 [-22, 58065515, 11775, 516497010, 33, -54],
 [629099, 6997096, -55, 66861995, -92, 386]]

[106585356, 52, 928, 94753600, 9263],
 [588855652, 106, -63, 9063748, 7628122],
 [629099, 6997096, -55, 66861995, 386]]
---
ROW = 2 COL = 5

[1262270901516304, 52, 928, 94753600, 7289143, 9263],
 [588855652, 106, -63, 9063748, 48, 7628122],
 [-22, 58065515, 11775, 516497010, 33, -54],
 [629099, 6997096, -55, 66861995, -92, 386]]

[106585356, 52, 928, 94753600, 7289143],
 [588855652, 106, -63, 9063748, 48],
 [629099, 6997096, -55, 66861995, -92]]
---
ROW = 2 COL = 6

[1262270901516304, 52, 928, 94753600, 7289143, 9263],
 [588855652, 106, -63, 9063748, 48, 7628122],
 [-22, 58065515, 11775, 516497010, 33, -54],
 [629099, 6997096, -55, 66861995, -92, 386]]

[106585356, 52, 928, 94753600, 7289143, 9263],
 [588855652, 106, -63, 9063748, 48, 7628122],
 [629099, 6997096, -55, 66861995, -92, 386]]
---
ROW = 2 COL = 7

[1262270901516304, 52, 928, 94753600, 7289143, 9263],
 [588855652, 106, -63, 9063748, 48, 7628122],
 [-22, 58065515, 11775, 516497010, 33, -54],
 [629099, 6997096, -55, 66861995, -92, 386]]

[106585356, 52, 928, 94753600, 7289143, 9263],
 [588855652, 106, -63, 9063748, 48, 7628122],
 [629099, 6997096, -55, 66861995, -92, 386]]
---
ROW = 3 COL = -8

[1262270901516304, 52, 928, 94753600, 7289143, 9263],
 [588855652, 106, -63, 9063748, 48, 7628122],
 [-22, 58065515, 11775, 516497010, 33, -54],
 [629099, 6997096, -55, 66861995, -92, 386]]

[106585356, 52, 928, 94753600, 7289143, 9263],
 [588855652, 106, -63, 9063748, 48, 7628122],
 [-22, 58065515, 11775, 516497010, 33, -54]]
---
ROW = 3 COL = -7

[1262270901516304, 52, 928, 94753600, 7289143, 9263],
 [588855652, 106, -63, 9063748, 48, 7628122],
 [-22, 58065515, 11775, 516497010, 33, -54],
 [629099, 6997096, -55, 66861995, -92, 386]]

[106585356, 52, 928, 94753600, 7289143, 9263],
 [588855652, 106, -63, 9063748, 48, 7628122],
 [-22, 58065515, 11775, 516497010, 33, -54]]
---
ROW = 3 COL = -6

[1262270901516304, 52, 928, 94753600, 7289143, 9263],
 [588855652, 106, -63, 9063748, 48, 7628122],
 [-22, 58065515, 11775, 516497010, 33, -54],
 [629099, 6997096, -55, 66861995, -92, 386]]

[156, 928, 94753600, 7289143, 9263],
 [106, -63, 9063748, 48, 7628122],
 [58065515, 11775, 516497010, 33, -54]]
---
ROW = 3 COL = -5

[1262270901516304, 52, 928, 94753600, 7289143, 9263],
 [588855652, 106, -63, 9063748, 48, 7628122],
 [-22, 58065515, 11775, 516497010, 33, -54],
 [629099, 6997096, -55, 66861995, -92, 386]]

[106585356, 928, 94753600, 7289143, 9263],
 [588855652, -63, 9063748, 48, 7628122],
 [-22, 11775, 516497010, 33, -54]]
---
ROW = 3 COL = -4

[1262270901516304, 52, 928, 94753600, 7289143, 9263],
 [588855652, 106, -63, 9063748, 48, 7628122],
 [-22, 58065515, 11775, 516497010, 33, -54],
 [629099, 6997096, -55, 66861995, -92, 386]]

[106585356, 52, 94753600, 7289143, 9263],
 [588855652, 106, 9063748, 48, 7628122],
 [-22, 58065515, 516497010, 33, -54]]
---
ROW = 3 COL = -3

[1262270901516304, 52, 928, 94753600, 7289143, 9263],
 [588855652, 106, -63, 9063748, 48, 7628122],
 [-22, 58065515, 11775, 516497010, 33, -54],
 [629099, 6997096, -55, 66861995, -92, 386]]

[106585356, 52, 928, 7289143, 9263],
 [588855652, 106, -63, 48, 7628122],
 [-22, 58065515, 11775, 33, -54]]
---
ROW = 3 COL = -2

[1262270901516304, 52, 928, 94753600, 7289143, 9263],
 [588855652, 106, -63, 9063748, 48, 7628122],
 [-22, 58065515, 11775, 516497010, 33, -54],
 [629099, 6997096, -55, 66861995, -92, 386]]

[106585356, 52, 928, 94753600, 9263],
 [588855652, 106, -63, 9063748, 7628122],
 [-22, 58065515, 11775, 516497010, -54]]
---
ROW = 3 COL = -1

[1262270901516304, 52, 928, 94753600, 7289143, 9263],
 [588855652, 106, -63, 9063748, 48, 7628122],
 [-22, 58065515, 11775, 516497010, 33, -54],
 [629099, 6997096, -55, 66861995, -92, 386]]

[106585356, 52, 928, 94753600, 7289143],
 [588855652, 106, -63, 9063748, 48],
 [-22, 58065515, 11775, 516497010, 33]]
---
ROW = 3 COL = 0

[1262270901516304, 52, 928, 94753600, 7289143, 9263],
 [588855652, 106, -63, 9063748, 48, 7628122],
 [-22, 58065515, 11775, 516497010, 33, -54],
 [629099, 6997096, -55, 66861995, -92, 386]]

[156, 928, 94753600, 7289143, 9263],
 [106, -63, 9063748, 48, 7628122],
 [58065515, 11775, 516497010, 33, -54]]
---
ROW = 3 COL = 1

[1262270901516304, 52, 928, 94753600, 7289143, 9263],
 [588855652, 106, -63, 9063748, 48, 7628122],
 [-22, 58065515, 11775, 516497010, 33, -54],
 [629099, 6997096, -55, 66861995, -92, 386]]

[106585356, 928, 94753600, 7289143, 9263],
 [588855652, -63, 9063748, 48, 7628122],
 [-22, 11775, 516497010, 33, -54]]
---
ROW = 3 COL = 2

[1262270901516304, 52, 928, 94753600, 7289143, 9263],
 [588855652, 106, -63, 9063748, 48, 7628122],
 [-22, 58065515, 11775, 516497010, 33, -54],
 [629099, 6997096, -55, 66861995, -92, 386]]

[106585356, 52, 94753600, 7289143, 9263],
 [588855652, 106, 9063748, 48, 7628122],
 [-22, 58065515, 516497010, 33, -54]]
---
ROW = 3 COL = 3

[1262270901516304, 52, 928, 94753600, 7289143, 9263],
 [588855652, 106, -63, 9063748, 48, 7628122],
 [-22, 58065515, 11775, 516497010, 33, -54],
 [629099, 6997096, -55, 66861995, -92, 386]]

[106585356, 52, 928, 7289143, 9263],
 [588855652, 106, -63, 48, 7628122],
 [-22, 58065515, 11775, 33, -54]]
---
ROW = 3 COL = 4

[1262270901516304, 52, 928, 94753600, 7289143, 9263],
 [588855652, 106, -63, 9063748, 48, 7628122],
 [-22, 58065515, 11775, 516497010, 33, -54],
 [629099, 6997096, -55, 66861995, -92, 386]]

[106585356, 52, 928, 94753600, 9263],
 [588855652, 106, -63, 9063748, 7628122],
 [-22, 58065515, 11775, 516497010, -54]]
---
ROW = 3 COL = 5

[1262270901516304, 52, 928, 94753600, 7289143, 9263],
 [588855652, 106, -63, 9063748, 48, 7628122],
 [-22, 58065515, 11775, 516497010, 33, -54],
 [629099, 6997096, -55, 66861995, -92, 386]]

[106585356, 52, 928, 94753600, 7289143],
 [588855652, 106, -63, 9063748, 48],
 [-22, 58065515, 11775, 516497010, 33]]
---
ROW = 3 COL = 6

[1262270901516304, 52, 928, 94753600, 7289143, 9263],
 [588855652, 106, -63, 9063748, 48, 7628122],
 [-22, 58065515, 11775, 516497010, 33, -54],
 [629099, 6997096, -55, 66861995, -92, 386]]

[106585356, 52, 928, 94753600, 7289143, 9263],
 [588855652, 106, -63, 9063748, 48, 7628122],
 [-22, 58065515, 11775, 516497010, 33, -54]]
---
ROW = 3 COL = 7

[1262270901516304, 52, 928, 94753600, 7289143, 9263],
 [588855652, 106, -63, 9063748, 48, 7628122],
 [-22, 58065515, 11775, 516497010, 33, -54],
 [629099, 6997096, -55, 66861995, -92, 386]]

[106585356, 52, 928, 94753600, 7289143, 9263],
 [588855652, 106, -63, 9063748, 48, 7628122],
 [-22, 58065515, 11775, 516497010, 33, -54]]
---
ROW = 4 COL = -8

[1262270901516304, 52, 928, 94753600, 7289143, 9263],
 [588855652, 106, -63, 9063748, 48, 7628122],
 [-22, 58065515, 11775, 516497010, 33, -54],
 [629099, 6997096, -55, 66861995, -92, 386]]

[106585356, 52, 928, 94753600, 7289143, 9263],
 [588855652, 106, -63, 9063748, 48, 7628122],
 [-22, 58065515, 11775, 516497010, 33, -54],
 [629099, 6997096, -55, 66861995, -92, 386]]
---
ROW = 4 COL = -7

[1262270901516304, 52, 928, 94753600, 7289143, 9263],
 [588855652, 106, -63, 9063748, 48, 7628122],
 [-22, 58065515, 11775, 516497010, 33, -54],
 [629099, 6997096, -55, 66861995, -92, 386]]

[106585356, 52, 928, 94753600, 7289143, 9263],
 [588855652, 106, -63, 9063748, 48, 7628122],
 [-22, 58065515, 11775, 516497010, 33, -54],
 [629099, 6997096, -55, 66861995, -92, 386]]
---
ROW = 4 COL = -6

[1262270901516304, 52, 928, 94753600, 7289143, 9263],
 [588855652, 106, -63, 9063748, 48, 7628122],
 [-22, 58065515, 11775, 516497010, 33, -54],
 [629099, 6997096, -55, 66861995, -92, 386]]

[156, 928, 94753600, 7289143, 9263],
 [106, -63, 9063748, 48, 7628122],
 [58065515, 11775, 516497010, 33, -54],
 [6997096, -55, 66861995, -92, 386]]
---
ROW = 4 COL = -5

[1262270901516304, 52, 928, 94753600, 7289143, 9263],
 [588855652, 106, -63, 9063748, 48, 7628122],
 [-22, 58065515, 11775, 516497010, 33, -54],
 [629099, 6997096, -55, 66861995, -92, 386]]

[106585356, 928, 94753600, 7289143, 9263],
 [588855652, -63, 9063748, 48, 7628122],
 [-22, 11775, 516497010, 33, -54],
 [629099, -55, 66861995, -92, 386]]
---
ROW = 4 COL = -4

[1262270901516304, 52, 928, 94753600, 7289143, 9263],
 [588855652, 106, -63, 9063748, 48, 7628122],
 [-22, 58065515, 11775, 516497010, 33, -54],
 [629099, 6997096, -55, 66861995, -92, 386]]

[106585356, 52, 94753600, 7289143, 9263],
 [588855652, 106, 9063748, 48, 7628122],
 [-22, 58065515, 516497010, 33, -54],
 [629099, 6997096, 66861995, -92, 386]]
---
ROW = 4 COL = -3

[1262270901516304, 52, 928, 94753600, 7289143, 9263],
 [588855652, 106, -63, 9063748, 48, 7628122],
 [-22, 58065515, 11775, 516497010, 33, -54],
 [629099, 6997096, -55, 66861995, -92, 386]]

[106585356, 52, 928, 7289143, 9263],
 [588855652, 106, -63, 48, 7628122],
 [-22, 58065515, 11775, 33, -54],
 [629099, 6997096, -55, -92, 386]]
---
ROW = 4 COL = -2

[1262270901516304, 52, 928, 94753600, 7289143, 9263],
 [588855652, 106, -63, 9063748, 48, 7628122],
 [-22, 58065515, 11775, 516497010, 33, -54],
 [629099, 6997096, -55, 66861995, -92, 386]]

[106585356, 52, 928, 94753600, 9263],
 [588855652, 106, -63, 9063748, 7628122],
 [-22, 58065515, 11775, 516497010, -54],
 [629099, 6997096, -55, 66861995, 386]]
---
ROW = 4 COL = -1

[1262270901516304, 52, 928, 94753600, 7289143, 9263],
 [588855652, 106, -63, 9063748, 48, 7628122],
 [-22, 58065515, 11775, 516497010, 33, -54],
 [629099, 6997096, -55, 66861995, -92, 386]]

[106585356, 52, 928, 94753600, 7289143],
 [588855652, 106, -63, 9063748, 48],
 [-22, 58065515, 11775, 516497010, 33],
 [629099, 6997096, -55, 66861995, -92]]
---
ROW = 4 COL = 0

[1262270901516304, 52, 928, 94753600, 7289143, 9263],
 [588855652, 106, -63, 9063748, 48, 7628122],
 [-22, 58065515, 11775, 516497010, 33, -54],
 [629099, 6997096, -55, 66861995, -92, 386]]

[156, 928, 94753600, 7289143, 9263],
 [106, -63, 9063748, 48, 7628122],
 [58065515, 11775, 516497010, 33, -54],
 [6997096, -55, 66861995, -92, 386]]
---
ROW = 4 COL = 1

[1262270901516304, 52, 928, 94753600, 7289143, 9263],
 [588855652, 106, -63, 9063748, 48, 7628122],
 [-22, 58065515, 11775, 516497010, 33, -54],
 [629099, 6997096, -55, 66861995, -92, 386]]

[106585356, 928, 94753600, 7289143, 9263],
 [588855652, -63, 9063748, 48, 7628122],
 [-22, 11775, 516497010, 33, -54],
 [629099, -55, 66861995, -92, 386]]
---
ROW = 4 COL = 2

[1262270901516304, 52, 928, 94753600, 7289143, 9263],
 [588855652, 106, -63, 9063748, 48, 7628122],
 [-22, 58065515, 11775, 516497010, 33, -54],
 [629099, 6997096, -55, 66861995, -92, 386]]

[106585356, 52, 94753600, 7289143, 9263],
 [588855652, 106, 9063748, 48, 7628122],
 [-22, 58065515, 516497010, 33, -54],
 [629099, 6997096, 66861995, -92, 386]]
---
ROW = 4 COL = 3

[1262270901516304, 52, 928, 94753600, 7289143, 9263],
 [588855652, 106, -63, 9063748, 48, 7628122],
 [-22, 58065515, 11775, 516497010, 33, -54],
 [629099, 6997096, -55, 66861995, -92, 386]]

[106585356, 52, 928, 7289143, 9263],
 [588855652, 106, -63, 48, 7628122],
 [-22, 58065515, 11775, 33, -54],
 [629099, 6997096, -55, -92, 386]]
---
ROW = 4 COL = 4

[1262270901516304, 52, 928, 94753600, 7289143, 9263],
 [588855652, 106, -63, 9063748, 48, 7628122],
 [-22, 58065515, 11775, 516497010, 33, -54],
 [629099, 6997096, -55, 66861995, -92, 386]]

[106585356, 52, 928, 94753600, 9263],
 [588855652, 106, -63, 9063748, 7628122],
 [-22, 58065515, 11775, 516497010, -54],
 [629099, 6997096, -55, 66861995, 386]]
---
ROW = 4 COL = 5

[1262270901516304, 52, 928, 94753600, 7289143, 9263],
 [588855652, 106, -63, 9063748, 48, 7628122],
 [-22, 58065515, 11775, 516497010, 33, -54],
 [629099, 6997096, -55, 66861995, -92, 386]]

[106585356, 52, 928, 94753600, 7289143],
 [588855652, 106, -63, 9063748, 48],
 [-22, 58065515, 11775, 516497010, 33],
 [629099, 6997096, -55, 66861995, -92]]
---
ROW = 4 COL = 6

[1262270901516304, 52, 928, 94753600, 7289143, 9263],
 [588855652, 106, -63, 9063748, 48, 7628122],
 [-22, 58065515, 11775, 516497010, 33, -54],
 [629099, 6997096, -55, 66861995, -92, 386]]

[106585356, 52, 928, 94753600, 7289143, 9263],
 [588855652, 106, -63, 9063748, 48, 7628122],
 [-22, 58065515, 11775, 516497010, 33, -54],
 [629099, 6997096, -55, 66861995, -92, 386]]
---
ROW = 4 COL = 7

[1262270901516304, 52, 928, 94753600, 7289143, 9263],
 [588855652, 106, -63, 9063748, 48, 7628122],
 [-22, 58065515, 11775, 516497010, 33, -54],
 [629099, 6997096, -55, 66861995, -92, 386]]

[106585356, 52, 928, 94753600, 7289143, 9263],
 [588855652, 106, -63, 9063748, 48, 7628122],
 [-22, 58065515, 11775, 516497010, 33, -54],
 [629099, 6997096, -55, 66861995, -92, 386]]
---
ROW = 5 COL = -8

[1262270901516304, 52, 928, 94753600, 7289143, 9263],
 [588855652, 106, -63, 9063748, 48, 7628122],
 [-22, 58065515, 11775, 516497010, 33, -54],
 [629099, 6997096, -55, 66861995, -92, 386]]

[106585356, 52, 928, 94753600, 7289143, 9263],
 [588855652, 106, -63, 9063748, 48, 7628122],
 [-22, 58065515, 11775, 516497010, 33, -54],
 [629099, 6997096, -55, 66861995, -92, 386]]
---
ROW = 5 COL = -7

[1262270901516304, 52, 928, 94753600, 7289143, 9263],
 [588855652, 106, -63, 9063748, 48, 7628122],
 [-22, 58065515, 11775, 516497010, 33, -54],
 [629099, 6997096, -55, 66861995, -92, 386]]

[106585356, 52, 928, 94753600, 7289143, 9263],
 [588855652, 106, -63, 9063748, 48, 7628122],
 [-22, 58065515, 11775, 516497010, 33, -54],
 [629099, 6997096, -55, 66861995, -92, 386]]
---
ROW = 5 COL = -6

[1262270901516304, 52, 928, 94753600, 7289143, 9263],
 [588855652, 106, -63, 9063748, 48, 7628122],
 [-22, 58065515, 11775, 516497010, 33, -54],
 [629099, 6997096, -55, 66861995, -92, 386]]

[156, 928, 94753600, 7289143, 9263],
 [106, -63, 9063748, 48, 7628122],
 [58065515, 11775, 516497010, 33, -54],
 [6997096, -55, 66861995, -92, 386]]
---
ROW = 5 COL = -5

[1262270901516304, 52, 928, 94753600, 7289143, 9263],
 [588855652, 106, -63, 9063748, 48, 7628122],
 [-22, 58065515, 11775, 516497010, 33, -54],
 [629099, 6997096, -55, 66861995, -92, 386]]

[106585356, 928, 94753600, 7289143, 9263],
 [588855652, -63, 9063748, 48, 7628122],
 [-22, 11775, 516497010, 33, -54],
 [629099, -55, 66861995, -92, 386]]
---
ROW = 5 COL = -4

[1262270901516304, 52, 928, 94753600, 7289143, 9263],
 [588855652, 106, -63, 9063748, 48, 7628122],
 [-22, 58065515, 11775, 516497010, 33, -54],
 [629099, 6997096, -55, 66861995, -92, 386]]

[106585356, 52, 94753600, 7289143, 9263],
 [588855652, 106, 9063748, 48, 7628122],
 [-22, 58065515, 516497010, 33, -54],
 [629099, 6997096, 66861995, -92, 386]]
---
ROW = 5 COL = -3

[1262270901516304, 52, 928, 94753600, 7289143, 9263],
 [588855652, 106, -63, 9063748, 48, 7628122],
 [-22, 58065515, 11775, 516497010, 33, -54],
 [629099, 6997096, -55, 66861995, -92, 386]]

[106585356, 52, 928, 7289143, 9263],
 [588855652, 106, -63, 48, 7628122],
 [-22, 58065515, 11775, 33, -54],
 [629099, 6997096, -55, -92, 386]]
---
ROW = 5 COL = -2

[1262270901516304, 52, 928, 94753600, 7289143, 9263],
 [588855652, 106, -63, 9063748, 48, 7628122],
 [-22, 58065515, 11775, 516497010, 33, -54],
 [629099, 6997096, -55, 66861995, -92, 386]]

[106585356, 52, 928, 94753600, 9263],
 [588855652, 106, -63, 9063748, 7628122],
 [-22, 58065515, 11775, 516497010, -54],
 [629099, 6997096, -55, 66861995, 386]]
---
ROW = 5 COL = -1

[1262270901516304, 52, 928, 94753600, 7289143, 9263],
 [588855652, 106, -63, 9063748, 48, 7628122],
 [-22, 58065515, 11775, 516497010, 33, -54],
 [629099, 6997096, -55, 66861995, -92, 386]]

[106585356, 52, 928, 94753600, 7289143],
 [588855652, 106, -63, 9063748, 48],
 [-22, 58065515, 11775, 516497010, 33],
 [629099, 6997096, -55, 66861995, -92]]
---
ROW = 5 COL = 0

[1262270901516304, 52, 928, 94753600, 7289143, 9263],
 [588855652, 106, -63, 9063748, 48, 7628122],
 [-22, 58065515, 11775, 516497010, 33, -54],
 [629099, 6997096, -55, 66861995, -92, 386]]

[156, 928, 94753600, 7289143, 9263],
 [106, -63, 9063748, 48, 7628122],
 [58065515, 11775, 516497010, 33, -54],
 [6997096, -55, 66861995, -92, 386]]
---
ROW = 5 COL = 1

[1262270901516304, 52, 928, 94753600, 7289143, 9263],
 [588855652, 106, -63, 9063748, 48, 7628122],
 [-22, 58065515, 11775, 516497010, 33, -54],
 [629099, 6997096, -55, 66861995, -92, 386]]

[106585356, 928, 94753600, 7289143, 9263],
 [588855652, -63, 9063748, 48, 7628122],
 [-22, 11775, 516497010, 33, -54],
 [629099, -55, 66861995, -92, 386]]
---
ROW = 5 COL = 2

[1262270901516304, 52, 928, 94753600, 7289143, 9263],
 [588855652, 106, -63, 9063748, 48, 7628122],
 [-22, 58065515, 11775, 516497010, 33, -54],
 [629099, 6997096, -55, 66861995, -92, 386]]

[106585356, 52, 94753600, 7289143, 9263],
 [588855652, 106, 9063748, 48, 7628122],
 [-22, 58065515, 516497010, 33, -54],
 [629099, 6997096, 66861995, -92, 386]]
---
ROW = 5 COL = 3

[1262270901516304, 52, 928, 94753600, 7289143, 9263],
 [588855652, 106, -63, 9063748, 48, 7628122],
 [-22, 58065515, 11775, 516497010, 33, -54],
 [629099, 6997096, -55, 66861995, -92, 386]]

[106585356, 52, 928, 7289143, 9263],
 [588855652, 106, -63, 48, 7628122],
 [-22, 58065515, 11775, 33, -54],
 [629099, 6997096, -55, -92, 386]]
---
ROW = 5 COL = 4

[1262270901516304, 52, 928, 94753600, 7289143, 9263],
 [588855652, 106, -63, 9063748, 48, 7628122],
 [-22, 58065515, 11775, 516497010, 33, -54],
 [629099, 6997096, -55, 66861995, -92, 386]]

[106585356, 52, 928, 94753600, 9263],
 [588855652, 106, -63, 9063748, 7628122],
 [-22, 58065515, 11775, 516497010, -54],
 [629099, 6997096, -55, 66861995, 386]]
---
ROW = 5 COL = 5

[1262270901516304, 52, 928, 94753600, 7289143, 9263],
 [588855652, 106, -63, 9063748, 48, 7628122],
 [-22, 58065515, 11775, 516497010, 33, -54],
 [629099, 6997096, -55, 66861995, -92, 386]]

[106585356, 52, 928, 94753600, 7289143],
 [588855652, 106, -63, 9063748, 48],
 [-22, 58065515, 11775, 516497010, 33],
 [629099, 6997096, -55, 66861995, -92]]
---
ROW = 5 COL = 6

[1262270901516304, 52, 928, 94753600, 7289143, 9263],
 [588855652, 106, -63, 9063748, 48, 7628122],
 [-22, 58065515, 11775, 516497010, 33, -54],
 [629099, 6997096, -55, 66861995, -92, 386]]

[106585356, 52, 928, 94753600, 7289143, 9263],
 [588855652, 106, -63, 9063748, 48, 7628122],
 [-22, 58065515, 11775, 516497010, 33, -54],
 [629099, 6997096, -55, 66861995, -92, 386]]
---
ROW = 5 COL = 7

[1262270901516304, 52, 928, 94753600, 7289143, 9263],
 [588855652, 106, -63, 9063748, 48, 7628122],
 [-22, 58065515, 11775, 516497010, 33, -54],
 [629099, 6997096, -55, 66861995, -92, 386]]

[106585356, 52, 928, 94753600, 7289143, 9263],
 [588855652, 106, -63, 9063748, 48, 7628122],
 [-22, 58065515, 11775, 516497010, 33, -54],
 [629099, 6997096, -55, 66861995, -92, 386]]
---
