1 11 14 8
16 6 3 9
7 13 2 12
10 4 15 5
.
1 15 2 16
12 6 7 9
13 3 14 4
8 10 11 5
.
1 10 15 12
13 6 3 8
4 7 14 9
16 11 2 5
.
1 3 16 14
13 15 12 4
8 6 9 11
2 10 7 5
.
1 13 8 12
14 11 7 2
10 15 3 6
9 4 16 5
.
1 13 12 8
2 14 7 11
15 3 6 10
16 4 9 5
.
1 13 16 4
8 2 9 15
11 14 6 10
7 12 3 5
.
1 8 10 15
13 3 6 12
16 9 7 2
4 14 11 5
.
1 14 3 16
8 11 6 9
15 2 13 4
10 7 12 5
.
1 14 3 16
10 7 6 11
15 4 13 2
8 9 12 5
.
1 14 4 15
7 9 6 12
16 3 13 2
10 8 11 5
.
1 14 7 12
6 15 4 9
11 2 13 8
16 3 10 5
.
1 14 7 12
8 13 2 11
9 4 16 6
15 3 10 5
.
1 9 8 16
14 15 2 3
7 4 13 10
12 6 11 5
.
1 14 7 12
11 13 2 8
6 4 15 9
16 3 10 5
.
1 14 7 12
16 3 2 13
6 9 15 4
11 8 10 5
.
1 14 10 12
13 11 6 4
8 7 3 16
9 2 15 5
.
1 14 11 8
7 2 13 12
16 3 6 9
10 15 4 5
.
1 14 15 4
10 3 8 13
7 6 9 12
16 11 2 5
.
1 15 2 16
12 6 14 9
13 3 7 4
8 10 11 5
.
1 15 4 14
7 9 6 12
16 2 13 3
11 8 10 5
.
1 15 6 12
16 2 7 13
3 9 14 4
10 8 11 5
.
1 16 8 9
15 7 2 13
6 11 10 4
12 3 14 5
.
1 15 8 10
3 13 6 12
14 2 11 7
16 4 9 5
.
1 3 14 16
15 13 4 2
10 6 7 11
8 12 5 9
.
1 4 16 13
15 11 6 2
10 7 3 14
8 12 9 5
.
1 4 13 16
15 14 3 2
10 7 6 11
8 9 12 5
.
1 15 10 8
6 9 13 12
16 2 7 3
11 14 4 5
.
1 15 14 4
7 9 6 12
10 8 3 13
16 2 11 5
.
1 16 3 14
8 9 6 11
13 2 15 4
12 7 10 5
.
1 16 4 6
10 3 7 14
15 13 11 2
8 9 12 5
.
1 16 6 11
4 13 7 10
15 2 9 8
14 3 12 5
.
1 16 6 11
10 7 13 4
15 2 3 14
8 9 12 5
.
1 16 6 11
14 5 9 8
7 2 15 10
12 13 4 3
.
1 4 14 15
16 13 3 2
7 6 9 12
10 11 8 5
.
1 16 7 10
11 6 13 4
14 3 2 15
8 9 12 5
.
1 16 7 10
15 2 9 8
6 3 14 11
12 13 4 5
.
1 16 8 9
15 4 2 13
6 11 10 7
12 3 14 5
.
1 16 13 4
10 7 6 11
8 9 3 14
15 2 12 5
.
1 16 13 4
11 6 7 10
8 9 2 15
14 3 12 5
.
