2 7 6
9 5 1
4 3 8
.
2 9 4
7 5 3
6 1 8
.
4 1 8
9 5 3
2 7 6
.
4 9 2
3 5 7
8 1 6
.
6 1 8
7 5 3
2 9 4
.
6 7 2
1 5 9
8 3 4
.
8 1 6
3 5 7
4 9 2
.
8 3 4
1 5 9
6 7 2
.
6 1 8
7 5 3
2 9 4
.
6 7 2
1 5 9
3 8 4
.
2 7 6
9 5 1
4 3 8
.
2 7 6
9 5 1
3 4 8
.
4 3 8
9 5 1
2 7 6
.
4 9 2
3 5 7
8 1 6
.
6 7 4
1 5 9
8 3 2
.
6 1 8
7 5 3
2 9 4
.
8 1 6
3 5 7
4 9 2
.
8 3 9
1 5 4
6 7 2
.
1 7 16 10
11 13 4 6
14 12 5 3
8 2 9 15
.
1 7 16 10
12 14 5 3
6 4 11 13
15 9 2 8
.
1 12 13 8
7 14 11 2
5 16 4 9
10 3 6 15
.
1 7 16 10
14 12 3 5
4 6 13 11
15 9 2 8
.
1 7 16 10
14 12 3 5
11 13 6 4
8 2 9 15
.
1 7 16 10
14 13 4 3
11 12 5 6
8 2 9 15
.
1 4 13 16
8 14 3 9
15 5 12 2
10 11 6 7
.
1 6 11 16
8 12 5 9
15 13 14 2
10 3 4 7
.
1 11 6 16
8 14 3 9
15 5 12 2
10 4 13 7
.
1 8 15 10
12 13 6 3
14 11 4 5
7 2 9 16
.
1 8 15 10
13 12 3 6
4 5 14 9
16 11 2 7
.
1 8 15 10
14 11 4 5
12 13 6 3
7 2 9 16
.
1 8 15 10
4 14 5 11
13 3 12 6
16 2 9 7
.
1 15 8 10
6 12 3 13
11 5 14 4
16 2 9 7
.
1 15 8 10
11 14 5 4
6 3 12 13
16 2 7 9
.
1 15 8 10
12 6 13 3
14 4 11 5
9 7 2 16
.
1 13 16 4
15 12 5 2
8 3 14 9
10 6 11 7
.
1 15 8 10
14 4 11 5
12 6 13 3
7 9 2 16
.
1 16 7 10
4 13 6 11
14 3 12 5
15 2 9 8
.
1 16 7 10
6 11 4 13
12 5 14 3
15 2 9 8
.
1 16 7 10
11 5 12 6
14 4 13 3
8 9 2 15
.
1 11 14 8
16 6 3 9
7 13 12 2
10 4 5 15
.
1 13 12 8
16 4 5 9
7 11 14 2
10 6 3 15
.
1 14 11 8
16 5 4 9
7 12 13 15
10 3 6 2
.
1 2 15 16
13 14 3 4
12 7 6 9
8 11 10 5
.
1 3 14 16
15 13 2 4
8 6 11 9
10 12 7 5
.
