5 5 5
5 5 5
5 5 5
.
3 8 7
10 6 2
5 4 9
.
1 3 16 14
13 15 2 4
8 6 9 11
12 10 7 5
.
1 15 10 8
4 14 7 9
13 3 6 12
16 2 11 5
.
1 4 14 15
16 13 3 2
7 6 9 12
10 11 8 5
.
1 4 15 14
16 13 2 3
6 7 9 12
11 10 8 5
.
1 4 16 13
15 11 6 2
10 7 3 14
8 12 9 5
.
1 6 11 16
7 15 2 10
14 4 13 3
12 9 8 5
.
1 6 11 13
14 15 2 3
7 4 16 10
12 9 8 5
.
1 7 16 10
6 14 3 11
15 9 2 8
12 4 13 5
.
1 6 15 12
8 10 2 14
16 11 4 3
9 7 13 5
.
1 6 13 11
7 15 2 10
14 9 3 8
12 4 16 5
.
1 15 10 8
6 3 13 12
16 2 11 9
7 14 4 5
.
1 6 16 11
15 9 2 8
4 7 13 10
14 12 3 5
.
1 9 10 16
15 7 8 2
14 6 3 11
4 12 13 5
.
1 6 11 16
7 15 2 10
14 4 13 3
12 9 8 5
.
1 7 14 12
6 15 9 4
16 2 3 13
11 10 8 5
.
1 7 14 12
8 13 2 11
9 4 15 6
5 10 3 16
.
1 7 14 12
9 15 4 6
8 2 13 11
16 10 3 5
.
1 11 6 16
7 13 4 10
14 2 15 3
12 8 9 5
.
6 1 15 12
7 14 9 4
16 3 2 13
10 11 8 5
.
1 14 11 8
7 2 13 12
16 3 6 9
10 15 4 5
.
1 7 16 10
14 9 3 8
4 6 13 11
15 12 2 5
.
1 7 14 12
8 13 2 11
9 4 15 6
16 10 3 5
.
1 14 7 12
8 13 2 11
9 4 15 6
16 3 10 5
.
1 13 16 4
8 3 9 14
10 6 7 11
15 12 2 5
.
1 13 16 4
8 2 9 15
11 7 6 10
14 12 3 5
.
1 8 13 12
10 3 6 15
14 7 11 2
9 16 4 5
.
1 8 13 12
16 9 2 7
3 6 15 10
14 11 4 5
.
1 8 15 10
14 11 2 7
3 6 13 12
16 9 4 5
.
1 8 16 9
6 10 11 7
15 2 13 4
12 14 3 5
.
1 9 8 6
7 15 2 10
14 4 13 3
12 16 11 5
.
3 9 8 16
14 15 2 1
7 4 13 10
12 6 11 5
.
1 10 7 16
14 3 6 11
15 8 9 2
4 13 12 5
.
1 16 13 4
10 7 6 11
8 9 3 14
15 2 12 5
.
1 10 14 6
8 3 7 16
13 9 11 4
12 15 2 5
.
4 13 1 16
10 6 7 11
15 3 14 2
8 12 9 5
.
1 10 15 8
14 7 4 9
3 6 13 12
16 11 2 5
.
1 10 15 8
16 3 6 9
4 7 11 12
13 14 2 5
.
1 10 15 8
16 7 2 9
12 13 3 6
11 4 14 5
.
1 11 6 16
7 13 4 10
14 2 15 3
5 8 9 12
.
1 14 7 12
2 13 11 8
6 4 15 9
16 3 10 5
.
