[[5, 5, 5],
 [5, 5, 5],
 [5, 5, 5]]
False

[[5, 5, 5],
 [5, 5, 5],
 [5, 5, 5]]
False

[[5, 5, 5],
 [5, 5, 5],
 [5, 5, 5]]
---
[[3, 8, 7],
 [10, 6, 2],
 [5, 4, 9]]
False

[[5, 10, 3],
 [4, 6, 8],
 [9, 2, 7]]
False

[[3, 8, 7],
 [10, 6, 2],
 [5, 4, 9]]
---
[[1, 3, 16, 14],
 [13, 15, 2, 4],
 [8, 6, 9, 11],
 [12, 10, 7, 5]]
False

[[12, 8, 13, 1],
 [10, 6, 15, 3],
 [7, 9, 2, 16],
 [5, 11, 4, 14]]
False

[[1, 3, 16, 14],
 [13, 15, 2, 4],
 [8, 6, 9, 11],
 [12, 10, 7, 5]]
---
[[1, 15, 10, 8],
 [4, 14, 7, 9],
 [13, 3, 6, 12],
 [16, 2, 11, 5]]
False

[[16, 13, 4, 1],
 [2, 3, 14, 15],
 [11, 6, 7, 10],
 [5, 12, 9, 8]]
False

[[1, 15, 10, 8],
 [4, 14, 7, 9],
 [13, 3, 6, 12],
 [16, 2, 11, 5]]
---
[[1, 4, 14, 15],
 [16, 13, 3, 2],
 [7, 6, 9, 12],
 [10, 11, 8, 5]]
False

[[10, 7, 16, 1],
 [11, 6, 13, 4],
 [8, 9, 3, 14],
 [5, 12, 2, 15]]
False

[[1, 4, 14, 15],
 [16, 13, 3, 2],
 [7, 6, 9, 12],
 [10, 11, 8, 5]]
---
[[1, 4, 15, 14],
 [16, 13, 2, 3],
 [6, 7, 9, 12],
 [11, 10, 8, 5]]
False

[[11, 6, 16, 1],
 [10, 7, 13, 4],
 [8, 9, 2, 15],
 [5, 12, 3, 14]]
False

[[1, 4, 15, 14],
 [16, 13, 2, 3],
 [6, 7, 9, 12],
 [11, 10, 8, 5]]
---
[[1, 4, 16, 13],
 [15, 11, 6, 2],
 [10, 7, 3, 14],
 [8, 12, 9, 5]]
False

[[8, 10, 15, 1],
 [12, 7, 11, 4],
 [9, 3, 6, 16],
 [5, 14, 2, 13]]
False

[[1, 4, 16, 13],
 [15, 11, 6, 2],
 [10, 7, 3, 14],
 [8, 12, 9, 5]]
---
[[1, 6, 11, 16],
 [7, 15, 2, 10],
 [14, 4, 13, 3],
 [12, 9, 8, 5]]
True

[[12, 14, 7, 1],
 [9, 4, 15, 6],
 [8, 13, 2, 11],
 [5, 3, 10, 16]]
True

[[1, 6, 11, 16],
 [7, 15, 2, 10],
 [14, 4, 13, 3],
 [12, 9, 8, 5]]
---
[[1, 6, 11, 13],
 [14, 15, 2, 3],
 [7, 4, 16, 10],
 [12, 9, 8, 5]]
False

[[12, 7, 14, 1],
 [9, 4, 15, 6],
 [8, 16, 2, 11],
 [5, 10, 3, 13]]
False

[[1, 6, 11, 13],
 [14, 15, 2, 3],
 [7, 4, 16, 10],
 [12, 9, 8, 5]]
---
[[1, 7, 16, 10],
 [6, 14, 3, 11],
 [15, 9, 2, 8],
 [12, 4, 13, 5]]
False

[[12, 15, 6, 1],
 [4, 9, 14, 7],
 [13, 2, 3, 16],
 [5, 8, 11, 10]]
False

[[1, 7, 16, 10],
 [6, 14, 3, 11],
 [15, 9, 2, 8],
 [12, 4, 13, 5]]
---
[[1, 6, 15, 12],
 [8, 10, 2, 14],
 [16, 11, 4, 3],
 [9, 7, 13, 5]]
False

[[9, 16, 8, 1],
 [7, 11, 10, 6],
 [13, 4, 2, 15],
 [5, 3, 14, 12]]
False

[[1, 6, 15, 12],
 [8, 10, 2, 14],
 [16, 11, 4, 3],
 [9, 7, 13, 5]]
---
[[1, 6, 13, 11],
 [7, 15, 2, 10],
 [14, 9, 3, 8],
 [12, 4, 16, 5]]
False

[[12, 14, 7, 1],
 [4, 9, 15, 6],
 [16, 3, 2, 13],
 [5, 8, 10, 11]]
False

[[1, 6, 13, 11],
 [7, 15, 2, 10],
 [14, 9, 3, 8],
 [12, 4, 16, 5]]
---
[[1, 15, 10, 8],
 [6, 3, 13, 12],
 [16, 2, 11, 9],
 [7, 14, 4, 5]]
False

[[7, 16, 6, 1],
 [14, 2, 3, 15],
 [4, 11, 13, 10],
 [5, 9, 12, 8]]
False

[[1, 15, 10, 8],
 [6, 3, 13, 12],
 [16, 2, 11, 9],
 [7, 14, 4, 5]]
---
[[1, 6, 16, 11],
 [15, 9, 2, 8],
 [4, 7, 13, 10],
 [14, 12, 3, 5]]
False

[[14, 4, 15, 1],
 [12, 7, 9, 6],
 [3, 13, 2, 16],
 [5, 10, 8, 11]]
False

[[1, 6, 16, 11],
 [15, 9, 2, 8],
 [4, 7, 13, 10],
 [14, 12, 3, 5]]
---
[[1, 9, 10, 16],
 [15, 7, 8, 2],
 [14, 6, 3, 11],
 [4, 12, 13, 5]]
False

[[4, 14, 15, 1],
 [12, 6, 7, 9],
 [13, 3, 8, 10],
 [5, 11, 2, 16]]
False

[[1, 9, 10, 16],
 [15, 7, 8, 2],
 [14, 6, 3, 11],
 [4, 12, 13, 5]]
---
[[1, 6, 11, 16],
 [7, 15, 2, 10],
 [14, 4, 13, 3],
 [12, 9, 8, 5]]
True

[[12, 14, 7, 1],
 [9, 4, 15, 6],
 [8, 13, 2, 11],
 [5, 3, 10, 16]]
True

[[1, 6, 11, 16],
 [7, 15, 2, 10],
 [14, 4, 13, 3],
 [12, 9, 8, 5]]
---
[[1, 7, 14, 12],
 [6, 15, 9, 4],
 [16, 2, 3, 13],
 [11, 10, 8, 5]]
False

[[11, 16, 6, 1],
 [10, 2, 15, 7],
 [8, 3, 9, 14],
 [5, 13, 4, 12]]
False

[[1, 7, 14, 12],
 [6, 15, 9, 4],
 [16, 2, 3, 13],
 [11, 10, 8, 5]]
---
[[1, 7, 14, 12],
 [8, 13, 2, 11],
 [9, 4, 15, 6],
 [5, 10, 3, 16]]
False

[[5, 9, 8, 1],
 [10, 4, 13, 7],
 [3, 15, 2, 14],
 [16, 6, 11, 12]]
False

[[1, 7, 14, 12],
 [8, 13, 2, 11],
 [9, 4, 15, 6],
 [5, 10, 3, 16]]
---
[[1, 7, 14, 12],
 [9, 15, 4, 6],
 [8, 2, 13, 11],
 [16, 10, 3, 5]]
True

[[16, 8, 9, 1],
 [10, 2, 15, 7],
 [3, 13, 4, 14],
 [5, 11, 6, 12]]
True

[[1, 7, 14, 12],
 [9, 15, 4, 6],
 [8, 2, 13, 11],
 [16, 10, 3, 5]]
---
[[1, 11, 6, 16],
 [7, 13, 4, 10],
 [14, 2, 15, 3],
 [12, 8, 9, 5]]
True

[[12, 14, 7, 1],
 [8, 2, 13, 11],
 [9, 15, 4, 6],
 [5, 3, 10, 16]]
True

[[1, 11, 6, 16],
 [7, 13, 4, 10],
 [14, 2, 15, 3],
 [12, 8, 9, 5]]
---
[[6, 1, 15, 12],
 [7, 14, 9, 4],
 [16, 3, 2, 13],
 [10, 11, 8, 5]]
False

[[10, 16, 7, 6],
 [11, 3, 14, 1],
 [8, 2, 9, 15],
 [5, 13, 4, 12]]
False

[[6, 1, 15, 12],
 [7, 14, 9, 4],
 [16, 3, 2, 13],
 [10, 11, 8, 5]]
---
[[1, 14, 11, 8],
 [7, 2, 13, 12],
 [16, 3, 6, 9],
 [10, 15, 4, 5]]
False

[[10, 16, 7, 1],
 [15, 3, 2, 14],
 [4, 6, 13, 11],
 [5, 9, 12, 8]]
False

[[1, 14, 11, 8],
 [7, 2, 13, 12],
 [16, 3, 6, 9],
 [10, 15, 4, 5]]
---
[[1, 7, 16, 10],
 [14, 9, 3, 8],
 [4, 6, 13, 11],
 [15, 12, 2, 5]]
False

[[15, 4, 14, 1],
 [12, 6, 9, 7],
 [2, 13, 3, 16],
 [5, 11, 8, 10]]
False

[[1, 7, 16, 10],
 [14, 9, 3, 8],
 [4, 6, 13, 11],
 [15, 12, 2, 5]]
---
[[1, 7, 14, 12],
 [8, 13, 2, 11],
 [9, 4, 15, 6],
 [16, 10, 3, 5]]
True

[[16, 9, 8, 1],
 [10, 4, 13, 7],
 [3, 15, 2, 14],
 [5, 6, 11, 12]]
True

[[1, 7, 14, 12],
 [8, 13, 2, 11],
 [9, 4, 15, 6],
 [16, 10, 3, 5]]
---
[[1, 14, 7, 12],
 [8, 13, 2, 11],
 [9, 4, 15, 6],
 [16, 3, 10, 5]]
True

[[16, 9, 8, 1],
 [3, 4, 13, 14],
 [10, 15, 2, 7],
 [5, 6, 11, 12]]
True

[[1, 14, 7, 12],
 [8, 13, 2, 11],
 [9, 4, 15, 6],
 [16, 3, 10, 5]]
---
[[1, 13, 16, 4],
 [8, 3, 9, 14],
 [10, 6, 7, 11],
 [15, 12, 2, 5]]
False

[[15, 10, 8, 1],
 [12, 6, 3, 13],
 [2, 7, 9, 16],
 [5, 11, 14, 4]]
False

[[1, 13, 16, 4],
 [8, 3, 9, 14],
 [10, 6, 7, 11],
 [15, 12, 2, 5]]
---
[[1, 13, 16, 4],
 [8, 2, 9, 15],
 [11, 7, 6, 10],
 [14, 12, 3, 5]]
False

[[14, 11, 8, 1],
 [12, 7, 2, 13],
 [3, 6, 9, 16],
 [5, 10, 15, 4]]
False

[[1, 13, 16, 4],
 [8, 2, 9, 15],
 [11, 7, 6, 10],
 [14, 12, 3, 5]]
---
[[1, 8, 13, 12],
 [10, 3, 6, 15],
 [14, 7, 11, 2],
 [9, 16, 4, 5]]
False

[[9, 14, 10, 1],
 [16, 7, 3, 8],
 [4, 11, 6, 13],
 [5, 2, 15, 12]]
False

[[1, 8, 13, 12],
 [10, 3, 6, 15],
 [14, 7, 11, 2],
 [9, 16, 4, 5]]
---
[[1, 8, 13, 12],
 [16, 9, 2, 7],
 [3, 6, 15, 10],
 [14, 11, 4, 5]]
False

[[14, 3, 16, 1],
 [11, 6, 9, 8],
 [4, 15, 2, 13],
 [5, 10, 7, 12]]
False

[[1, 8, 13, 12],
 [16, 9, 2, 7],
 [3, 6, 15, 10],
 [14, 11, 4, 5]]
---
[[1, 8, 15, 10],
 [14, 11, 2, 7],
 [3, 6, 13, 12],
 [16, 9, 4, 5]]
False

[[16, 3, 14, 1],
 [9, 6, 11, 8],
 [4, 13, 2, 15],
 [5, 12, 7, 10]]
False

[[1, 8, 15, 10],
 [14, 11, 2, 7],
 [3, 6, 13, 12],
 [16, 9, 4, 5]]
---
[[1, 8, 16, 9],
 [6, 10, 11, 7],
 [15, 2, 13, 4],
 [12, 14, 3, 5]]
False

[[12, 15, 6, 1],
 [14, 2, 10, 8],
 [3, 13, 11, 16],
 [5, 4, 7, 9]]
False

[[1, 8, 16, 9],
 [6, 10, 11, 7],
 [15, 2, 13, 4],
 [12, 14, 3, 5]]
---
[[1, 9, 8, 6],
 [7, 15, 2, 10],
 [14, 4, 13, 3],
 [12, 16, 11, 5]]
False

[[12, 14, 7, 1],
 [16, 4, 15, 9],
 [11, 13, 2, 8],
 [5, 3, 10, 6]]
False

[[1, 9, 8, 6],
 [7, 15, 2, 10],
 [14, 4, 13, 3],
 [12, 16, 11, 5]]
---
[[3, 9, 8, 16],
 [14, 15, 2, 1],
 [7, 4, 13, 10],
 [12, 6, 11, 5]]
False

[[12, 7, 14, 3],
 [6, 4, 15, 9],
 [11, 13, 2, 8],
 [5, 10, 1, 16]]
False

[[3, 9, 8, 16],
 [14, 15, 2, 1],
 [7, 4, 13, 10],
 [12, 6, 11, 5]]
---
[[1, 10, 7, 16],
 [14, 3, 6, 11],
 [15, 8, 9, 2],
 [4, 13, 12, 5]]
False

[[4, 15, 14, 1],
 [13, 8, 3, 10],
 [12, 9, 6, 7],
 [5, 2, 11, 16]]
False

[[1, 10, 7, 16],
 [14, 3, 6, 11],
 [15, 8, 9, 2],
 [4, 13, 12, 5]]
---
[[1, 16, 13, 4],
 [10, 7, 6, 11],
 [8, 9, 3, 14],
 [15, 2, 12, 5]]
False

[[15, 8, 10, 1],
 [2, 9, 7, 16],
 [12, 3, 6, 13],
 [5, 14, 11, 4]]
False

[[1, 16, 13, 4],
 [10, 7, 6, 11],
 [8, 9, 3, 14],
 [15, 2, 12, 5]]
---
[[1, 10, 14, 6],
 [8, 3, 7, 16],
 [13, 9, 11, 4],
 [12, 15, 2, 5]]
False

[[12, 13, 8, 1],
 [15, 9, 3, 10],
 [2, 11, 7, 14],
 [5, 4, 16, 6]]
False

[[1, 10, 14, 6],
 [8, 3, 7, 16],
 [13, 9, 11, 4],
 [12, 15, 2, 5]]
---
[[4, 13, 1, 16],
 [10, 6, 7, 11],
 [15, 3, 14, 2],
 [8, 12, 9, 5]]
False

[[8, 15, 10, 4],
 [12, 3, 6, 13],
 [9, 14, 7, 1],
 [5, 2, 11, 16]]
False

[[4, 13, 1, 16],
 [10, 6, 7, 11],
 [15, 3, 14, 2],
 [8, 12, 9, 5]]
---
[[1, 10, 15, 8],
 [14, 7, 4, 9],
 [3, 6, 13, 12],
 [16, 11, 2, 5]]
False

[[16, 3, 14, 1],
 [11, 6, 7, 10],
 [2, 13, 4, 15],
 [5, 12, 9, 8]]
False

[[1, 10, 15, 8],
 [14, 7, 4, 9],
 [3, 6, 13, 12],
 [16, 11, 2, 5]]
---
[[1, 10, 15, 8],
 [16, 3, 6, 9],
 [4, 7, 11, 12],
 [13, 14, 2, 5]]
False

[[13, 4, 16, 1],
 [14, 7, 3, 10],
 [2, 11, 6, 15],
 [5, 12, 9, 8]]
False

[[1, 10, 15, 8],
 [16, 3, 6, 9],
 [4, 7, 11, 12],
 [13, 14, 2, 5]]
---
[[1, 10, 15, 8],
 [16, 7, 2, 9],
 [12, 13, 3, 6],
 [11, 4, 14, 5]]
False

[[11, 12, 16, 1],
 [4, 13, 7, 10],
 [14, 3, 2, 15],
 [5, 6, 9, 8]]
False

[[1, 10, 15, 8],
 [16, 7, 2, 9],
 [12, 13, 3, 6],
 [11, 4, 14, 5]]
---
[[1, 11, 6, 16],
 [7, 13, 4, 10],
 [14, 2, 15, 3],
 [5, 8, 9, 12]]
False

[[5, 14, 7, 1],
 [8, 2, 13, 11],
 [9, 15, 4, 6],
 [12, 3, 10, 16]]
False

[[1, 11, 6, 16],
 [7, 13, 4, 10],
 [14, 2, 15, 3],
 [5, 8, 9, 12]]
---
[[1, 14, 7, 12],
 [2, 13, 11, 8],
 [6, 4, 15, 9],
 [16, 3, 10, 5]]
False

[[16, 6, 2, 1],
 [3, 4, 13, 14],
 [10, 15, 11, 7],
 [5, 9, 8, 12]]
False

[[1, 14, 7, 12],
 [2, 13, 11, 8],
 [6, 4, 15, 9],
 [16, 3, 10, 5]]
---
