>fG@pP[cKBW"-u;InX9mxr\3_Ot:i|/RUa+zvy~$7Fq}N%Vd0j84]=<lMESohs?.kL&!HC`6TbZ#^D),
96 33 125 48 25 89 69 127 84 29 80 79 101 57 81 113 119 117 125 120 29 96 25 138 35
143 65 40 64 79 73 53 130 89
61 124 80 103 54 28 74 146 65 65 34 53 54 31 83 129 49 76 111 112 134 37 53
109 139 138 31 43 55 48 33 55 44 51 67 145 78 23 43 51 143 135 77 147 67 81 36 29 91 47
120 26 126 33 139 89 47
115 96 29 58 129 95 75 51 143 68 105 134 94 82 114 23 83 49 117 79 146
140 100 151 62 51 97 138 35 68 70 110 108 31 124 105
73 44 141 82 99 44 42 31 46 66 26 60 23 146 144 28 131 38 33 96 26 68 150 28 120 24 103 108 33
66 28 81 146 41 138 32 55 136 72 29 120 34 74 88 131 140 120 30 94 111 146 41 33 69 43 140 81 119 134 73 56 133 90 33
93 47 51 95 137 41 76 113 144 27 38 98 84 24 65 120 26 66 32 69 112 115 34 67 122 115 117 49 134 144 31 121 70
76 56 102 27 108 33 44 119 116 62 131 107 146
130 41 102 25 65 43 120 33 116 45 148 147 91 131
49 146 126 35 80 112 66 32 97 49 74 73 86 102 25 118 43 73 41 130 40
132 34 43 108 26 74 71 60 24 125 34 84 25 126 35 144 35 49 120 33 142
142 84 34 106 123 131 65 44 65 108 33 113
100 99 107
96 31 63 34 86 54 25 150 35 96 29 90 25 147 106 109 125 134 111 121 119 79 131 102 29 144 28 84 35 107 54 31 74 121 124 45
106 56 116 122 73 132 33 80 33 60 24 131 110 110 84 26 81 140 68 85 141 98 69 74 52
93 106 59 67 80 126 23 51 92 136 116 50 42 29 119 57 84 25 120 26 50 138 32 118 117 74 86 96 28 98 62 142 50 150 24
118 103 37 122 74 123 38 49 102 32 50 140
70 34 72 30 50
143 118 133 133 40 122 143 33 132 24 75 145 36 29 95
104 68 132 30 46 128 52 137 40 121 86 150 29 127 124 105 126 28 45 151 95 119 53 48 29 49 123 65 80 148 73 42 23
39 40 96 29 68 60 25 76 138 23 137 74 68 41 91 67 122 85
55 123 53 57 135 61 128 109 46 141 78 31 109 52 89 130 135 107 74 81 102 34 40
34 80 142 111 114 31 48 31 76 122
126 24 136 78 28 36 23 78 30 75 63 150 23 44 85 49 128 117 138 24 62 38 90 25 64 73 148 92 102 24 46 88 123 68 139 137 65
62 71 105 72 32 98 60 29 65 111 125 84 26 84 30 83 48 30 81 88 144 27 94 83 78 24 114 29 129 45 100
125 38 137 63 115 84 29 103 121 104 103 70 93 129 146 112 116 96 26 134 128 82 102 31 50 117
68 60 25 36 23 127 138 31 129 68 56 82 95 150 24 41 135 92 35 52 124 130 96 34 89
131 118 47 49 60 26 140 87 111 77 87 33 140 111 148
74 83 34 109 112 75 99 142 147 130 139
91 118 133 54 32 136 147 115 52 99 110 58 96 26 65 83 46 116 90 34 82 49 103 107 64 73 116 64 87 91
79 91 48 27 106 108 35 138 33 53 59 116 136 134 91 79 100 62 86 38 85 64 50 135 139 77 62 36 27 40 145
69 141 116 50
46 35 81 94 34 99 135
46 125 70 71 142 147 119 62 104 43 49 116 83 125 137 134 116 102 34 48 35 61 94 141 112 150 26 123 35 150 34 102 23 66 35
101 74 139 48 34 120 29 58 76 136 124 33 82 91 69 85 131 98 111
59 52 100 139 144 27 52 138 35 59 70 149 88
60 27 108 27
69 33 121 144 25 72 33 60 27 46 48 26 98 127 89 139 81 58 97 141 136 131 83 64 68 50 126 23 39 151 74 130 36 25 69 50
49 82
131 92 132 35 92 58 55 72 32 76 99 75 121 119 60 28 142 104 65 102 32 58 60 29 90 24 73 139 61 88 125 140
61 38 37 125 141 73 126 29 103 50 132 26 119 107 105 125 78 25 91 61 77 151 43 145
105 74 77 53 89 121 127 43 89 76 113 43 144 33 124 146 103 38 108 24 97 38 62 64 94 122 74 125
64 49 124 88 123 93 66 32 74 148 125 138 33 110 103 68 117 105 77 66 26 123 78 24
109 47 102 32 135 76 73 75
101 139
114 30 78 24 37 114 32 33 74 131 78 29 132 29 62 69 102 23 128 85 49 43 86 150 33 87 151 62 84 28 80
100 105 94 151 41 104 64 56 88 127 77 50 113
69 110 111 71 35 106 85 139 145 117 48 31 68 41 35 94 48 35 71 100
119 133 58 62 131 80 132 34 65 43 144 35 113 93 102 24 100 85 37 113 42 33 48 31 129 136 52 90 35 104 77 121 63 93
142 144 32 91 127 141 117 151 138 35 71 110 48 24 96 30 128 102 26 101 121 105 137 126 30 129
45 63 142 59 45
150 33 66 31 98 131 74 120 28 137 137 97 85
108 33 90 32 150 26 59 34 84 28 118 149 135 83 114 34 78 32 106 134 82 147 81 48 32 34 121 129 65 139 78 33 78 35
77 140 147
111 136 138 27 96 25 119 60 35 144 34 102 29 150 33 74 73 40 128 71
146 37 150 32 65 128 136 55 111 95
127 135 105 51 142 60 35 95 115 131 117 142 41 41 52 86 34 122 149 129 75 39 112 65 72 28 119
63 146 150 26 143 100 145 50 113 125 105 102 24 94 87 151 55 88 130 52 97
95 47 143 88 150 31 106 118 75 42 34 149 59 92
126 27 70 70 38 72 26 131 49 60 29 95 94 134 46 80 115 81 134 86 99 47 120 23 123 69 120 30 138 25 104 138 33
40 103 112 147 128 68 133 87 138 34 111 69 71 63 80 150 30 106 40 144 24 83 108 29
37 78 34 94 109 81 56 139 141 118 66 35 151 102 25 119 78 33 86 88 43 63 81 91 61 80 143 108 27 92 53
112 81 135 45 143 72 33 107 146 69 87 91 64 126 25 84 24 105 81 76 108 30 92 81 115 84 25 60 26
84 29 140 83 110 104 126 30 136 90 25 47 63
71 55 93 91 76 78 26 68 143 36 27 86 77 110 84 33 146 40 127 80 122 62 105 82 49 107 149 121 79 132 29
141 119 108 26 127 86 100 38 70 104 95 97 49 33 102 35 124 35 46 42 25 88 55
65 140 146 86 117 76 135 56 72 27 80
49 84 30 105 82 64 104 117 44 44 119 109 86 89 123 60 29 67 102 33 50 150 28 128 58 78 33 76 93 65 56 43 41
58 132 31 41 128 106 47 37 108 33 93 146 96 25 122 151 93 97 130 139 91 56 78 28 107 47 136
90 30 34 118 96 27 108 28 96 34 113 73 84 35 98 107 147 140
62 81 47 85 96 26 51 48 27 139
61 68 107 72 34 112 131 41 118 58 99 67 105 64 121 118 107 130 146 135 60 25 76 124 119 125 74 126 34
71 96 35 88 90 32 48 24 49
112 140 95 127 126 34 131 92 85 121 143 50 99 87 132 25 122 39 37 126 25 145 53 140 45 76 149 42 23 47 44 50 93
125 70 101 59 87 80 87 133 55 44 58 102 23 37 92 44 72 30 126 34 94 141 122 39 128 131 82 85 89 33 74 39
100 105 105 142 66 32 44 49 112 105 38 39 130 60 31 59 132 23 47 100 114 33 64 147
107 65 108 25 135 120 23 97 117 132 27 67 54 33 127 109 65 142 129 149 148 98 98 93 35 95 113 35 102 32 47
105 35 140 74 45 42 25 98 93 79 48 27 62 143 37 54 24 45 111 122 52
68 72 26 113 147 124 46 138 29 117 39
94 135
106 85 142 89 140
81 149 108 23 145 131 45 57 77 88 121 100 130 119 84 34 91 45 149 90 32 89 65 41 113
121 129 147 46 86 48 35 135 38 102 30 91 125 118 120 31 113 60 32 149 100 149 116 96 27 144 32 116 88 42 32 147 94 103 90 33
43 116 37
118 130 48 23 147 95 97 99 75 119 83 86 70 40 41 138 32 38 118 127 105 126 33
95 97 34 54 23 130 85 147 96 29
65 65 118 151 117 113 33 105 114 33 147 70 92 147 92 93 96 27 84 26 110 54 26 140 122
139 84 26 53 84 26 146 94 142 145 48 23 85 68 78 29 95 97 60 26 65 122
83 50 39 132 23 62 67 44 102 34 98 67 38 120 27 103 108 30 112 131 131 78 30 84 35 76 138 23 107 95 42 28 124
37 45 61 51 145 120 30 50 46 65
115 119 41 62 42 25 99 109 87 134 89 38 149 127 73 72 23 112 99 112 74 72 25 91
82 89 69
107 102 31 93 65 149 62 72 31 54 27 108 25 134 48 32 52 101 145 40 58 42 33 124 44 87 141
50 71 66 32 135 36 23 65 129 134
127 130 138 35 143 134 136 44 105 78 31 101 54 26 53 40 81 53 36 30 111 45 34 130 119
111 107 90 29 70 134 55 37 80 142 77 114 24 86 56
103 72 34 97 51 85 89 37 123 60 32 130 44 80