23 11 2593
23 10 2597
11 9 2601
22 12 2605
14 12 2609
4 2 2613
22 8 2617
22 12 2621
15 4 2625
4 8 2629
14 11 2633
25 11 2637
7 7 2641
18 3 2645
27 7 2649
19 5 2653
6 7 2657
28 3 2661
8 8 2665
20 7 2669
25 4 2673
14 10 2677
15 1 2681
19 10 2685
28 8 2689
16 6 2693
27 9 2697
15 1 2701
3 5 2705
6 4 2709
24 9 2713
10 10 2717
16 4 2721
1 10 2725
11 4 2729
8 1 2733
21 4 2737
14 12 2741
26 2 2745
14 9 2749
4 1 2753
9 4 2757
11 11 2761
19 10 2765
18 12 2769
9 10 2773
10 11 2777
16 5 2781
22 8 2785
9 5 2789
