19 4 2097
18 4 2099
23 4 2101
21 4 2103
20 4 2105
13 4 2107
16 4 2109
19 4 2111
13 4 2113
27 4 2115
28 4 2117
29 4 2119
23 4 2121
27 4 2123
23 4 2125
20 4 2127
23 4 2129
30 4 2131
23 4 2133
29 4 2135
28 4 2137
26 4 2139
24 4 2141
18 4 2143
17 4 2145
15 4 2147
25 4 2149
30 4 2151
16 4 2153
22 4 2155
16 4 2157
22 4 2159
23 4 2161
24 4 2163
20 4 2165
21 4 2167
18 4 2169
18 4 2171
15 4 2173
15 4 2175
29 4 2177
16 4 2179
21 4 2181
26 4 2183
30 4 2185
25 4 2187
25 4 2189
29 4 2191
26 4 2193
23 4 2195
