22.70 34.93 13.06
51.92 -21.66 2.74
53.08 -125.52 1.54
-28.01 -182.90 6.67
80.61 -107.48 63.77
-136.77 -45.16 18.91
-139.30 -188.75 48.00
-100.26 -170.34 24.68
14.92 -81.64 0.25
28.07 81.15 17.85
51.25 152.78 21.31
147.65 144.50 94.86
159.54 -51.77 30.55
-21.68 127.24 14.05
-143.79 197.92 40.13
-128.72 56.43 17.05
-158.93 -49.24 13.33
96.31 66.48 60.17
-119.57 -185.12 22.79
-34.40 -193.40 19.09
134.93 -138.46 66.39
130.12 46.54 30.49
27.07 18.01 16.28
-125.23 -143.03 35.53
114.58 181.71 106.94
-112.06 92.56 62.78
78.55 110.87 45.94
89.50 143.61 71.55
-57.14 -51.53 13.74
-10.36 -128.90 1.44
-193.79 123.38 84.85
-156.30 -66.12 54.72
-35.56 -27.86 26.47
-36.13 130.47 33.63
-11.48 146.06 9.55
179.82 -198.78 54.70
103.68 82.47 42.71
-159.94 -151.36 116.70
-12.74 -176.83 1.72
169.62 144.25 103.60
-111.73 150.56 34.91
42.14 197.63 7.55
198.76 162.54 87.85
149.83 -83.13 13.90
-173.08 162.37 115.05
-22.98 149.47 18.96
57.92 -91.97 52.89
-146.56 111.82 29.69
177.36 -148.90 24.38
117.65 -163.68 23.73
199.64 -173.45 52.22
141.06 110.12 100.82
-22.53 -139.09 16.72
-20.35 53.55 6.16
172.48 -197.82 106.07
15.61 -191.46 8.51
-178.98 -194.75 93.97
195.74 -115.47 72.40
116.41 131.59 87.35
35.92 -32.61 5.66
80.41 88.23 46.31
81.81 95.84 2.85
105.92 -170.76 22.92
69.76 134.00 10.91
-12.82 -43.40 8.15
-40.84 66.68 39.05
39.84 -194.86 32.26
-150.30 -127.36 125.65
-29.09 46.13 21.74
-168.58 -138.89 105.52
-141.69 67.66 4.44
-12.98 37.66 8.19
151.71 -183.47 150.43
144.62 70.91 41.63
-114.74 -107.19 29.54
-175.31 -94.27 10.08
176.87 -57.39 42.18
-130.17 -91.64 14.52
-108.07 -177.30 5.41
-157.78 -160.59 143.05
108.21 108.44 42.54
32.97 -107.90 29.58
-180.86 -84.88 25.43
162.96 -51.60 12.76
-44.46 -16.68 2.26
121.17 55.97 34.92
-163.10 194.47 135.88
85.60 51.61 5.78
156.12 113.31 34.94
122.58 -195.21 118.11
-105.02 152.95 61.19
142.40 199.32 136.38
-48.03 -111.83 39.69
94.28 -104.20 87.51
120.26 -147.86 10.64
116.33 -133.20 49.63
111.63 -39.78 18.67
-97.74 -44.91 17.41
-63.96 -29.35 28.28
116.23 77.93 38.52
-74.15 101.74 27.14
-97.16 -115.24 72.91
174.55 -99.74 22.03
193.17 -146.61 143.19
87.33 47.69 23.58
-75.03 178.85 57.60
-109.12 -63.50 8.13
197.92 171.87 4.52
50.92 28.79 12.23
-190.48 -142.94 73.93
-19.48 183.25 12.90
194.35 108.85 55.42
-44.36 28.89 7.98
-137.15 163.24 61.09
-198.57 18.39 16.15
-194.68 -113.90 68.46
-29.25 52.21 7.61
78.54 -24.75 11.26
97.94 -21.58 13.11
32.19 -23.44 7.62
-171.64 22.46 1.18
154.82 56.32 21.08
130.90 161.37 58.15
-133.24 180.11 64.02
88.50 95.60 40.47
194.45 -114.49 19.48
67.74 52.49 21.86
-177.99 31.71 12.32
-21.14 161.68 5.48
58.75 131.81 26.61
126.62 110.94 40.21
190.02 -122.83 106.38
-200.68 -36.60 8.87
66.13 100.19 39.16
-160.41 36.92 19.94
123.13 94.58 74.66
194.87 157.69 146.21
-36.14 -33.41 30.13
24.49 -131.86 0.27
126.40 154.58 60.71
-24.87 -75.09 7.79
167.38 23.03 11.87
-70.55 -145.10 68.78
-92.40 -142.81 31.81
171.29 -52.44 7.16
-48.75 -136.61 4.12
-176.00 -49.31 18.43
-85.34 -67.47 61.21
178.01 35.27 21.85
29.14 -155.61 24.29
16.64 147.58 3.23
52.59 15.72 4.22
198.19 -52.55 27.59
-159.11 136.65 8.36
193.25 -26.32 15.56
-119.82 -170.20 42.11
-159.29 109.22 75.45
187.81 -190.20 54.39
-188.21 -116.93 99.20
-199.74 -17.83 14.35
-144.94 -46.18 39.82
114.39 81.75 9.05
82.02 37.55 24.70
-114.29 -125.70 63.66
192.33 -104.25 103.57
-44.10 104.64 2.01
69.04 -37.25 11.97
-38.56 -99.70 9.13
-116.72 177.97 31.74
150.98 -89.47 87.04
-196.06 -21.60 11.37
-131.05 -81.11 2.75
24.28 -177.43 12.38
-171.29 -70.06 59.84
140.26 98.51 78.38
96.45 42.29 0.17
79.15 40.93 0.93
31.20 -68.45 16.78
-145.65 92.43 37.89
19.31 105.77 18.75
43.34 165.00 31.16
132.53 -90.02 1.56
-142.44 199.00 62.38
154.34 41.47 34.19
-87.41 -143.59 70.29
-113.35 120.21 63.33
-142.00 -183.96 5.35
55.43 194.79 7.05
-187.95 22.73 4.14
-126.41 110.96 39.75
-164.06 -97.41 94.12
117.24 156.20 52.30
-143.54 42.41 33.88
132.64 -194.06 7.10
-107.92 41.63 1.17
96.93 -155.79 42.22
-167.98 43.11 1.24
-146.22 49.11 11.42
-65.22 48.01 2.45
-75.99 67.86 26.55
21.21 88.72 6.20
123.06 34.14 19.22
36.06 173.87 20.85
113.81 184.84 59.12
177.72 -54.61 16.84
-100.03 -48.20 14.77
35.34 -62.21 29.88
122.43 145.93 88.50
-155.31 -121.10 72.21
91.54 165.48 12.32
10.08 -147.68 4.37
-61.99 -115.32 25.38
185.63 197.12 80.26
-133.56 16.35 14.59
-125.61 58.29 14.71
-71.15 122.21 52.60
152.67 182.12 128.58
158.21 -111.43 74.78
109.81 -126.59 53.06
-109.81 143.88 60.78
98.94 67.65 12.52
19.81 -72.62 16.20
77.36 -27.27 18.63
49.16 177.80 20.90
129.88 -163.29 61.43
-127.69 20.66 3.26
95.10 168.54 59.71
60.08 -172.22 31.49
-123.39 114.79 61.86
156.28 15.48 3.70
-61.68 163.78 45.65
-124.76 -26.81 19.28
-76.75 126.70 67.82
137.62 -107.56 16.40
16.77 -160.03 11.15
-30.23 -107.62 28.35
-134.10 -19.96 12.24
145.35 -185.04 142.18
157.52 -26.08 14.80
95.28 -14.45 6.97
35.43 12.65 5.97
-108.30 186.12 53.48
-152.01 93.93 32.13
-127.66 178.70 69.25
33.96 -29.56 22.88
-178.21 197.57 26.77
64.69 175.65 32.96
147.58 158.03 121.90
-24.98 -196.29 14.34
140.61 -110.39 50.76
-120.37 -131.93 27.10
-95.49 -155.14 40.51
-131.60 13.44 10.13
99.93 -137.11 48.20
53.10 -166.41 38.69
-151.94 -14.68 0.65
93.79 -188.31 77.89
-68.49 -127.36 19.31
-137.37 -99.16 21.52
87.34 -167.96 68.65
-24.59 -26.56 20.17
-145.53 -72.14 23.91
-105.65 -90.65 7.05
-53.34 164.48 16.70
105.27 70.05 37.90
-189.55 -156.98 135.68
137.40 168.62 111.99
-150.36 -32.43 31.63
-153.77 -60.39 31.22
37.79 -17.62 8.73
139.65 132.49 125.46
-77.90 -47.91 33.77
18.04 152.45 17.41
16.96 122.02 3.67
-177.99 -15.64 5.51
-25.33 -24.35 9.54
186.67 149.15 76.02
149.34 139.66 75.70
108.88 15.79 0.92
171.26 -11.95 10.95
-172.33 162.17 56.52
-79.94 20.72 7.64
-35.46 158.38 3.00
146.65 -49.95 13.88
27.44 38.49 4.51
-148.09 -84.52 64.26
153.30 -43.05 27.85
10.61 126.71 3.13
-17.62 26.53 9.28
191.24 74.79 43.60
-145.47 -56.87 0.13
-56.58 130.04 47.25
173.26 -142.93 133.18
100.73 -98.42 62.09
130.68 -16.46 11.31
-133.43 -86.94 37.00
194.14 -87.98 55.34
16.29 -22.52 10.58
-80.58 -107.10 32.07
-198.88 59.46 50.12
-81.94 -174.61 76.14
79.52 136.84 68.02
-65.70 31.82 30.26
-197.98 -37.52 34.32
-82.70 83.34 35.83
-111.90 57.55 10.63
-92.16 -45.91 43.97
-130.65 115.45 76.81
103.73 -32.49 8.13
-180.14 -189.37 131.24
115.11 111.84 68.53
63.09 -96.83 12.49
113.90 192.28 14.80
-139.10 163.41 127.44
101.19 65.75 24.14
45.66 -182.66 39.19
163.67 -121.96 49.22
-136.56 -197.99 1.61
-144.47 -32.32 24.48
142.79 -137.44 26.55
-151.27 -56.94 4.25
-39.08 -169.51 12.00
-81.50 -18.90 12.58
-161.60 135.38 20.85
-12.55 -85.49 8.26
-48.20 -38.41 11.70
105.79 -97.23 94.16
-143.78 -17.85 15.27
-81.89 -158.67 48.36
133.43 -165.74 28.54
131.14 37.11 17.29
-28.27 58.34 11.93
188.53 -177.34 18.26
-119.59 -91.56 38.65
53.72 -139.61 32.52
-79.90 -185.37 42.89
70.10 -138.17 19.48
126.78 123.22 14.98
96.32 -164.16 13.81
-162.02 -20.54 4.58
134.66 -70.32 23.63
101.74 -109.62 70.89
101.19 -189.90 64.81
88.85 76.91 26.58
-89.01 -150.92 61.67
-41.05 -125.25 39.88
-129.32 -65.54 28.14
146.44 108.55 64.57
50.72 -34.02 31.28
-23.56 -16.69 6.17
-21.45 170.66 20.06
-58.65 -98.83 57.47
142.49 66.96 2.46
48.47 -56.32 30.25
39.80 -29.81 0.45
72.52 -117.12 70.29
140.10 -107.49 48.67
134.36 120.35 111.60
-193.62 166.34 145.82
-167.68 169.57 118.84
-183.78 -129.91 109.42
166.96 -10.84 6.69
-40.15 -72.20 2.77
50.58 185.55 15.86
80.47 -199.00 48.88
-38.69 141.71 33.22
92.47 49.39 43.09
78.63 58.55 20.20
-20.18 -175.60 5.51
184.54 -58.08 20.86
-148.35 -119.11 72.38
72.89 -64.96 3.28
-65.68 148.18 17.59
-100.86 -173.47 67.35
167.02 -151.46 96.89
33.50 196.32 11.72
-139.67 139.19 8.31
115.55 -85.16 62.92
-123.02 -165.28 56.73
111.96 74.69 63.49
140.69 175.74 94.98
-89.37 50.75 26.55
-151.00 -90.33 67.93
116.46 76.51 9.85
160.95 162.91 109.37
196.36 194.16 94.14
70.22 195.76 50.83
160.37 108.94 41.75
-37.94 165.30 15.87
-99.25 -165.24 93.55
69.09 -123.04 16.67
102.98 -63.26 0.31
-47.64 30.34 4.79
-47.37 -130.76 33.90
-107.35 -111.90 13.33
154.99 -76.39 60.55
16.24 155.19 3.68
73.27 86.96 34.87
-61.53 127.27 36.43
96.84 -43.39 18.43
-170.83 191.84 20.52
-122.74 194.99 71.48
43.43 194.69 4.05
38.60 -126.79 33.95
-53.13 164.16 2.31
-168.02 67.57 56.49
-101.12 -103.90 14.62
88.01 -195.77 0.34
165.75 -154.68 73.58
-18.30 20.49 10.66
173.32 -10.49 2.99
-48.20 -53.92 2.22
157.36 153.10 104.26
-160.35 -130.67 94.01
-173.63 -125.05 12.60
106.20 -49.65 35.41
163.00 136.55 55.23
136.88 189.25 105.57
72.18 -107.93 6.45
156.23 -175.35 132.39
-72.37 -102.18 32.86
139.91 84.55 34.35
-176.91 29.03 1.14
30.83 131.59 27.52
-79.06 139.54 66.73
-83.77 38.63 16.68
29.56 -98.54 16.42
-148.07 -125.30 49.57
-93.52 -70.31 66.50
-63.43 -69.06 32.58
-139.56 132.93 36.80
121.26 -117.87 112.75
-18.63 -172.56 5.06
-130.62 -184.98 40.88
-78.55 -75.92 41.25
144.54 -32.31 2.05
25.45 -194.98 19.79
27.24 199.81 0.18
-118.93 123.64 32.16
-98.41 124.95 76.41
-184.31 -55.60 44.40
-161.84 -25.17 16.85
97.74 -99.55 90.48
-10.18 -132.61 8.14
-89.11 54.10 10.97
59.77 -98.56 25.07
-99.48 -34.26 29.97
-59.81 -27.64 24.90
28.73 64.64 10.13
90.24 189.37 17.76
-133.42 63.81 7.73
15.92 -152.28 14.57
-61.15 -52.37 35.28
179.97 10.96 8.94
-82.59 -54.22 4.61
-199.63 13.27 5.27
199.23 -43.71 37.61
-144.52 172.76 138.58
192.45 28.90 7.07
94.75 131.00 3.61
93.12 186.15 34.54
90.89 -196.35 29.81
154.95 -192.44 126.62
79.60 -86.47 78.17
-72.64 103.15 2.43
156.04 -168.16 109.06
188.77 137.16 28.55
24.17 109.98 11.91
149.76 129.43 42.05
-53.85 -167.61 3.56
96.22 -153.69 65.26
198.58 -148.50 119.84
-40.77 87.75 28.98
-106.67 18.67 8.48
197.65 -68.34 6.98
34.57 -155.52 11.16
-153.84 -181.28 18.29
-134.28 134.63 119.32
-119.68 169.39 109.02
36.72 63.77 28.92
-62.36 -62.78 9.17
-73.13 35.99 34.74
194.59 -170.90 7.66
67.33 61.68 45.88
15.45 -162.78 13.95
-60.27 10.14 9.05
-99.42 175.24 16.19
29.22 132.35 19.80
-59.70 -134.35 51.57
-88.56 -114.70 12.54
147.22 194.00 96.10
37.29 179.70 30.03
-10.97 29.24 4.95
-85.37 181.97 54.33
74.51 161.08 33.11
-64.69 162.84 22.14
98.38 107.16 24.97
61.71 158.72 40.83
-62.94 -52.01 9.68
-127.27 -70.81 12.57
-70.42 58.71 10.43
-47.76 194.53 4.67
-116.29 64.76 32.06
-21.52 -54.56 17.17
108.89 61.59 35.87
21.64 63.81 2.83
79.71 -189.62 39.73
94.14 96.88 47.19
98.13 106.09 58.99
132.21 192.38 12.30
-11.08 51.45 7.37
148.00 50.75 21.87
-134.37 154.05 84.17
-149.53 -37.48 3.76
81.46 86.04 73.43
75.27 -45.81 25.06
-34.08 -195.71 21.68
-52.97 -99.52 16.06
-112.71 -172.36 81.84
29.44 37.34 26.40
88.09 110.20 38.30
-148.62 -188.08 141.89
-106.47 107.71 34.75
-38.67 -31.50 16.77
-120.39 145.87 78.16
127.26 160.18 46.51
-107.72 -191.25 97.88
-38.85 -156.62 2.44
92.05 94.26 3.76
133.27 172.75 60.94
91.74 114.55 61.09
-180.16 86.46 42.39
71.76 87.32 32.51
-140.90 -72.07 22.45
59.33 74.34 54.22
40.83 -72.09 18.42
-163.47 160.10 94.89
53.97 145.60 27.44
-149.05 36.69 11.43
124.79 -184.87 101.81
152.81 -34.50 9.87
116.66 27.95 3.30
-90.99 -139.85 8.46
61.91 -50.16 36.10
-133.69 -133.57 44.76
152.21 -64.18 60.75
161.20 -118.21 64.19
-200.95 -108.53 24.79
-103.34 54.56 20.17
-163.64 -160.67 96.80
-185.96 -12.92 7.46
11.90 -13.82 2.97
176.25 111.36 100.40
131.35 -90.82 9.26
30.57 106.96 21.89
195.86 105.82 64.59
-199.71 187.86 80.84
64.74 44.48 30.76
-176.15 180.59 55.29
-155.80 -56.78 50.84
93.97 60.36 38.13
-198.33 -55.17 8.38
100.06 -115.88 79.06
-80.41 191.96 75.46
115.48 -191.12 22.43
17.90 -190.09 2.22
-35.81 57.12 27.65
72.07 -129.13 19.47
-76.65 136.44 48.45
-162.01 11.63 8.14
129.60 -84.96 61.76
186.62 -145.04 21.78
-90.67 180.46 2.33
122.35 -65.47 37.73
63.13 -34.99 22.23
185.68 -63.39 17.42
10.91 -180.78 9.14
-199.41 -183.64 28.44
31.42 -53.20 9.13
57.58 184.66 47.76
-51.52 -61.54 37.33
-106.06 -114.10 43.00
-30.59 145.48 12.37
115.04 -59.89 41.35
-146.12 91.78 50.32
145.19 -180.29 118.20
33.06 -78.26 28.09
-166.52 95.09 78.67
-113.46 -185.90 19.79
-58.15 -188.44 16.40
-76.43 21.94 15.05
-14.77 -132.01 7.02
161.84 -86.76 57.27
-102.74 -87.01 71.19
-86.65 80.80 11.61
-14.04 -168.24 6.17
52.43 125.31 33.79
169.61 -134.60 67.62
-153.23 -103.06 4.61
30.58 -89.57 14.63
