-88.93 160.75 96.96
105.24 60.27 38.52
50.92 -107.87 2.57
121.31 -71.92 115.44
27.00 193.80 119.55
-96.75 -126.87 35.85
196.24 92.22 146.17
150.01 -163.39 56.44
115.78 -76.97 92.74
142.54 126.82 141.03
138.17 99.45 38.43
143.64 -14.81 41.39
117.91 142.78 134.26
-41.95 129.04 55.98
-121.60 151.32 125.48
142.59 164.61 142.85
70.57 135.57 97.90
131.66 192.27 176.97
186.67 -197.60 160.00
20.45 196.93 93.10
-14.05 64.35 26.27
66.17 68.89 56.35
124.13 -117.92 123.21
144.96 109.99 138.99
64.45 -30.97 13.18
101.10 101.55 44.19
46.51 125.36 54.52
-136.60 183.41 179.85
197.29 158.47 174.37
13.06 139.06 38.35
-108.91 21.85 10.85
-36.56 -81.45 19.39
61.31 194.04 119.17
80.16 155.97 115.82
178.19 55.88 52.65
-147.58 -72.69 10.91
-41.23 95.87 75.06
-156.13 175.46 169.10
50.50 -40.72 33.45
78.79 21.21 40.17
155.79 -129.42 142.85
41.03 66.60 59.10
108.75 43.35 64.82
13.69 156.55 6.31
-40.13 60.43 44.32
113.87 -68.55 88.49
-146.26 -69.68 61.01
109.88 156.21 148.24
79.08 -32.58 66.71
81.91 -33.04 36.44
-53.02 174.85 21.69
-100.98 -145.14 83.52
-68.29 46.04 3.09
190.01 -139.60 78.30
193.97 -45.69 191.52
-68.41 -85.15 27.57
135.94 120.36 121.91
171.91 91.80 107.90
178.32 16.68 21.92
80.10 51.85 48.79
131.05 188.33 181.49
54.95 -114.42 31.34
74.27 -66.02 70.38
159.41 166.71 162.55
-145.85 164.34 157.92
53.65 19.42 49.29
-137.94 -37.46 13.70
-121.50 121.86 121.60
17.14 84.15 48.27
198.77 -158.79 189.17
95.40 157.67 101.96
168.46 -88.41 161.70
-189.52 74.14 9.86
127.40 -48.61 126.25
-77.52 170.89 118.78
166.99 188.27 181.13
130.26 -88.00 96.20
118.86 -31.16 76.60
-156.65 165.34 163.67
195.05 117.28 144.19
177.65 -27.81 92.98
57.84 199.42 125.57
-159.29 187.17 169.13
-185.53 195.44 190.32
-142.91 64.33 11.74
150.93 74.26 68.70
-28.75 192.61 69.98
94.68 -154.50 15.98
-120.53 52.93 5.00
-137.63 -56.74 10.94
160.77 179.79 177.85
154.38 123.54 128.42
110.93 -81.12 97.60
-30.13 106.56 43.52
-110.65 -173.61 81.04
-120.31 186.58 173.55
149.11 -128.06 137.57
110.68 155.38 124.55
-43.04 -172.99 30.21
-47.53 129.45 106.65
196.22 40.44 1.24
49.57 20.44 44.32
90.90 20.91 35.11
-149.86 -108.52 19.88
-61.36 85.56 63.71
-159.61 68.46 6.25
151.52 -110.34 7.96
133.86 94.07 115.53
16.34 188.19 124.32
-135.78 133.74 55.29
-23.33 145.90 43.88
164.76 -57.69 160.27
-68.52 193.98 16.62
101.01 109.21 108.49
148.18 -35.66 52.10
-20.36 130.57 107.25
88.55 95.46 93.76
180.59 88.68 120.76
138.12 34.07 82.11
-119.74 153.00 123.33
200.17 -12.67 99.97
34.88 129.46 88.22
106.12 -44.28 49.08
40.94 30.98 36.64
163.85 102.49 107.50
192.06 65.69 131.06
64.36 47.83 56.70
40.82 72.29 56.25
-115.93 154.27 102.01
166.66 -52.19 75.13
51.52 23.13 44.85
85.26 172.83 101.55
129.97 -60.01 64.34
-136.30 158.26 143.71
-63.08 103.61 99.63
92.39 175.91 146.36
97.81 122.25 24.27
-82.82 -21.56 9.32
108.36 84.84 85.60
190.04 163.78 166.00
25.76 41.68 28.56
92.59 124.04 100.01
194.88 -65.75 51.14
137.11 189.93 141.59
-105.41 -157.04 102.76
200.78 126.31 95.33
-87.47 -12.54 8.37
129.98 -121.08 122.95
-71.20 71.94 20.64
-77.74 -185.07 13.96
-87.05 152.48 136.41
147.80 187.92 185.20
39.15 163.57 79.30
126.12 61.24 69.75
176.57 58.09 161.76
-31.45 130.90 11.50
50.76 -38.40 29.89
109.31 131.58 120.25
-72.00 189.85 133.91
-188.92 104.76 37.44
-107.16 103.73 31.77
82.18 198.69 163.69
182.54 147.63 157.44
182.56 -117.77 129.41
50.51 27.24 3.12
-118.27 155.19 137.74
53.54 138.07 115.74
59.52 119.52 62.24
23.29 194.21 9.77
128.80 198.67 182.36
72.46 84.01 80.17
-107.63 125.56 117.20
87.98 123.25 118.23
179.93 139.88 153.86
-102.67 183.00 150.80
-90.96 -127.54 58.41
94.88 89.97 92.71
86.62 -48.56 67.88
94.06 68.13 92.43
30.23 -29.17 29.70
-71.65 -93.83 0.24
180.68 110.15 115.68
49.74 182.57 133.66
-25.96 103.81 63.46
-18.05 198.28 148.61
-22.84 56.94 50.12
155.27 77.15 99.57
-37.29 148.56 120.56
-33.97 99.71 11.55
-123.98 169.91 130.30
-75.31 112.51 106.98
161.81 -99.84 136.50
-98.94 -195.35 52.13
-64.79 168.51 161.58
136.25 190.90 184.95
67.33 142.13 23.52
194.59 -107.44 68.33
-86.84 94.46 88.98
148.32 -93.01 112.66
-30.02 81.45 4.80
83.79 -15.74 60.25
45.53 36.48 42.33
50.66 48.86 49.70
117.90 -180.54 7.42
123.69 83.70 103.99
128.80 -15.44 64.68
97.69 194.81 163.29
-109.11 150.53 131.47
-19.03 20.43 19.89
187.63 -27.60 115.56
-58.87 105.55 97.77
-149.33 190.78 173.81
82.43 93.77 92.55
158.73 103.08 52.73
-190.37 -115.85 48.63
35.83 52.64 18.20
128.28 104.17 122.32
158.42 -15.44 27.73
-45.28 79.01 46.98
-113.55 162.29 118.24
76.21 47.59 59.37
160.56 -54.38 44.52
-146.38 117.85 91.05
-14.90 -78.65 13.14
109.87 -28.45 53.70
98.18 -41.10 61.81
182.83 -17.18 122.70
98.12 90.70 14.96
25.16 110.77 27.73
36.16 -32.57 34.26
105.75 117.63 50.03
133.30 -76.20 62.69
140.81 150.61 142.73
197.42 186.32 188.67
176.91 26.13 152.04
-21.29 -132.35 12.65
176.51 -28.42 147.38
-184.68 123.32 118.73
-23.99 108.08 65.23
-169.82 -199.68 122.03
-25.84 115.04 36.87
-37.72 194.23 177.20
178.47 -116.21 14.59
195.40 -23.17 113.25
36.58 -11.26 1.03
176.77 -132.11 132.71
190.22 -154.81 72.11
145.16 -40.32 121.71
-57.63 130.73 101.16
46.74 96.59 78.20
-103.76 -174.10 65.97
196.29 54.83 130.67
186.03 47.61 106.16
22.89 181.53 13.09
200.41 -85.58 135.39
12.29 22.92 22.75
73.82 -73.17 73.36
-37.58 18.97 14.77
62.04 199.67 64.50
71.94 78.89 62.73
-68.95 -152.06 15.10
99.22 -41.82 43.88
-13.75 79.36 32.57
166.15 -41.69 35.64
120.13 136.37 132.13
-50.58 194.44 24.23
114.04 -180.81 76.62
-45.89 152.24 151.27
158.78 -74.76 82.92
51.60 -195.39 38.31
181.80 125.02 78.57
68.76 106.50 82.18
85.93 184.14 34.78
-169.22 -28.11 22.00
153.67 -134.16 19.02
-119.79 140.47 131.53
181.76 18.24 158.58
66.01 24.58 42.48
197.15 139.98 118.15
33.47 140.20 113.58
-178.83 61.52 49.51
155.01 84.19 2.22
-41.93 157.37 142.01
179.42 -121.24 148.68
-58.68 -75.19 51.36
158.40 158.89 158.49
18.59 184.79 12.70
125.23 -55.85 3.36
-20.82 29.98 21.50
161.30 -81.44 88.56
115.54 44.86 64.06
-60.81 136.25 115.80
-141.71 149.38 144.24
84.74 -56.26 32.87
145.51 116.21 122.07
173.22 96.37 113.68
159.03 90.11 149.90
180.13 -80.45 117.58
156.83 82.71 100.34
-53.70 111.24 105.88
-124.96 164.36 148.36
-44.11 151.59 13.06
-63.76 -54.15 49.52
40.85 66.94 66.41
162.72 -135.87 127.70
72.27 134.03 118.58
115.14 -177.23 101.45
54.87 167.07 162.43
-35.68 190.33 60.75
48.71 87.93 73.65
-189.55 85.96 45.53
177.87 -133.48 144.49
183.26 23.86 140.03
17.72 89.93 53.95
-36.40 136.30 21.17
-17.21 187.68 184.10
-87.96 191.60 159.29
-49.96 135.64 123.24
197.46 -45.94 137.41
163.76 -38.96 116.53
38.97 -10.28 9.91
110.75 83.56 12.47
78.48 136.32 90.13
197.42 -113.68 191.07
113.25 -71.13 35.68
76.97 122.93 110.98
-110.92 -174.17 106.83
-125.87 152.81 143.25
89.58 -168.73 84.19
10.69 195.11 183.45
149.55 -141.07 144.75
46.54 13.27 0.63
173.16 165.46 52.07
-124.12 154.17 131.16
-115.88 151.33 73.43
18.41 160.44 30.81
-107.69 -120.00 14.37
-159.36 162.48 162.41
-47.58 51.18 48.63
-176.08 188.28 181.10
115.61 198.65 151.31
124.12 56.35 114.27
181.05 57.10 85.54
186.82 -168.88 169.38
94.73 171.98 144.99
198.61 35.22 39.85
125.93 -68.65 114.18
133.56 191.69 162.24
149.54 112.02 138.03
162.21 -130.31 154.44
-146.76 108.41 14.44
101.93 98.50 100.38
165.08 133.97 154.62
155.69 -70.85 139.53
181.44 -100.11 125.18
175.75 -133.88 167.88
13.73 190.11 16.73
116.87 -53.13 64.20
96.77 62.53 37.84
23.76 -14.42 23.21
-109.04 151.57 112.97
189.04 -16.77 162.68
-63.13 120.24 112.14
100.38 182.97 170.04
-117.32 102.77 45.94
162.36 -67.90 136.10
-105.57 137.76 77.28
76.12 198.12 26.13
-26.25 138.41 82.14
80.71 68.17 57.91
154.45 -86.48 67.26
74.34 -112.02 6.11
-144.73 136.89 50.18
84.96 -95.96 54.47
-40.81 182.90 44.60
95.88 -88.34 92.40
73.44 111.67 100.42
108.87 42.85 101.61
-22.22 92.77 43.63
69.72 135.13 21.94
-120.19 121.24 120.30
-35.65 112.62 110.00
-42.81 -140.35 3.70
69.07 116.60 102.58
42.19 12.07 39.22
-133.81 -43.90 29.81
-120.68 148.42 133.59
121.16 -66.02 84.35
86.57 -190.50 54.26
99.46 -31.60 17.95
123.93 -102.24 112.79
154.78 83.56 133.98
29.29 -24.32 25.08
-158.15 158.88 158.82
-51.68 -58.42 4.61
-77.51 97.21 92.74
-132.02 -199.46 115.46
107.49 -45.99 47.70
-153.65 121.87 49.14
-68.84 124.20 71.07
-36.31 134.08 2.38
-116.49 64.02 18.35
-15.35 136.96 8.02
28.98 127.60 15.12
124.98 109.63 124.62
-40.15 200.86 97.78
18.55 -151.95 0.97
181.04 150.73 2.82
-97.23 118.96 101.23
-34.56 196.99 143.65
130.52 35.76 32.45
42.07 52.31 44.77
20.72 -46.90 8.35
199.29 147.39 151.36
101.85 59.78 85.80
137.70 86.06 79.64
90.78 -114.82 81.76
159.04 -40.75 107.54
-198.38 188.84 99.23
167.52 -68.23 48.01
179.46 -70.00 149.39
174.58 42.32 67.01
188.19 -87.85 186.77
170.67 146.31 45.77
75.07 154.34 105.38
59.00 77.23 69.56
124.46 -69.06 110.55
49.32 -181.97 16.64
-43.27 106.51 93.89
85.88 -43.41 47.33
63.02 200.04 32.61
107.41 -62.28 69.29
27.69 29.74 6.96
-191.69 -82.56 19.51
-161.72 -108.11 5.78
130.34 -49.12 118.92
-119.16 158.59 138.08
-46.41 -191.28 17.66
-185.23 -133.53 61.62
193.45 -168.38 192.04
26.96 102.93 92.16
-179.02 -190.04 157.93
102.27 187.40 148.55
54.27 147.73 69.96
185.85 86.12 156.58
122.25 -77.58 82.13
52.12 192.02 102.32
185.78 48.17 20.30
-82.46 -68.11 32.45
-46.21 -192.76 22.52
183.27 -87.39 149.65
-20.34 -56.27 8.82
148.82 179.52 168.91
182.98 56.91 106.37
138.58 125.35 131.43
171.35 21.45 146.93
165.02 17.44 1.97
197.52 11.14 84.99
176.69 -142.52 105.16
141.84 -145.68 44.65
-92.97 155.22 4.25
103.87 192.14 128.62
-44.95 176.64 165.33
121.50 -57.61 106.93
79.95 63.29 27.59
-17.01 163.56 158.59
107.11 133.94 109.49
63.09 190.83 119.67
136.17 -38.49 89.39
31.17 42.10 38.79
-146.05 -65.44 9.88
-152.13 167.33 75.25
23.17 -67.80 8.91
59.79 104.90 72.39
53.13 -144.19 18.87
-98.41 -63.33 54.32
98.86 154.61 113.45
-26.57 152.98 141.91
-54.89 101.97 58.36
-88.81 -198.39 61.16
61.73 144.80 109.43
48.52 -32.95 36.35
116.90 -51.01 53.30
-71.21 -105.30 9.89
44.70 -151.70 43.22
184.19 156.15 23.33
-28.85 -29.07 9.66
149.47 197.35 197.20
59.52 -13.45 32.29
97.64 -22.93 81.74
95.82 73.71 88.29
86.07 -63.92 64.28
76.75 -46.99 48.24
-66.44 -120.64 11.33
131.63 -72.04 115.94
127.80 -120.35 121.34
198.08 198.89 198.74
-44.10 -144.25 5.00
199.66 187.50 196.69
167.83 -145.67 159.17
-40.61 120.77 64.53
128.79 -41.94 9.99
-19.88 60.68 32.40
19.45 200.50 63.78
16.08 55.62 33.12
-13.78 192.81 151.88
-28.69 32.37 31.76
10.55 157.57 144.70
155.13 92.06 122.68
-108.97 173.86 152.92
132.79 195.80 165.39
96.77 -27.71 18.67
-24.74 101.86 18.99
80.23 188.08 181.33
114.03 -102.84 103.55
193.07 149.56 77.52
-85.56 30.02 14.14
159.78 -94.24 102.32
-78.90 73.28 45.79
-51.79 192.11 27.26
-124.17 -125.51 38.40
89.87 157.43 111.30
112.58 177.28 2.64
187.56 103.57 113.47
-197.14 192.10 66.13
183.41 -176.79 178.11
68.44 60.39 60.44
187.14 179.40 182.02
35.25 -154.00 21.27
86.00 144.49 58.69
-18.13 -107.56 2.30
78.46 187.86 103.36
-167.64 -54.36 40.55
151.44 -73.10 7.83
153.85 171.29 170.13
42.32 192.22 188.85
36.26 -164.48 14.78
171.27 -140.72 11.60
190.18 157.83 169.75
143.06 151.63 151.39
65.14 168.45 7.49
-125.47 180.87 173.69
-35.51 69.52 12.50
115.09 186.40 165.23
-61.48 190.90 82.39
-19.68 68.65 52.33
155.22 67.87 82.39
182.43 41.27 23.24
75.73 21.98 56.13
-21.34 128.57 18.37
163.95 187.75 187.41
184.72 -149.34 184.57
193.69 57.74 163.25
94.67 147.27 107.63
80.74 -148.49 60.89
78.01 126.61 27.32
-137.29 -77.06 42.86
143.23 -67.69 124.55
178.54 -175.01 175.85
182.12 -57.78 44.46
83.87 -24.31 64.39
-92.47 98.70 31.43
122.44 -161.08 38.90
164.66 14.50 144.09
-137.18 182.85 9.26
53.72 128.42 71.22
154.21 119.37 139.16
154.02 133.79 142.78
103.91 136.62 121.34
134.04 -42.74 85.62
67.31 139.04 59.63
92.74 -42.49 55.19
196.83 -96.97 159.25
-141.28 -192.55 125.20
131.85 98.02 104.37
-21.89 70.49 68.91
132.29 186.37 139.10
26.78 189.97 155.24
97.51 -54.62 27.22
-167.00 175.43 168.50
49.82 184.66 128.51
-173.42 -12.67 5.64
146.89 37.47 127.46
32.84 -31.80 32.33
57.35 172.49 109.47
38.64 -15.52 24.94
-50.13 123.84 99.53
-48.14 181.65 154.16
109.37 98.00 98.88
71.63 64.09 65.34
-110.93 129.07 116.88
158.18 -100.63 134.67
103.06 54.95 97.86
42.87 116.66 96.58
-53.88 176.53 106.22
12.69 138.89 65.32
32.06 10.04 11.64
-81.09 113.94 105.77
-61.62 163.38 112.38
198.39 -160.50 182.44
113.14 76.79 89.88
-81.14 89.74 84.82
159.59 176.90 167.93
121.14 -108.93 120.60
190.88 -178.28 190.06
-77.98 109.77 32.73
-15.01 -189.20 8.36
162.55 145.11 148.86
-143.34 130.23 113.68
-176.15 -91.62 31.71
97.15 -78.12 88.59
26.10 199.20 16.03
42.45 71.75 25.54
31.77 141.89 12.58
63.18 110.06 24.55
167.35 22.88 99.83
-106.04 171.08 135.80
84.09 -47.63 60.69
183.17 -37.23 31.83
106.99 -36.52 67.43
98.15 -87.49 10.14
-44.19 49.37 43.69
15.67 200.86 146.49
128.06 129.78 62.96
111.60 -51.05 2.95
174.23 18.44 153.43
-10.85 85.36 13.03
125.17 -43.22 54.93
-170.01 171.14 170.92
151.58 -19.23 18.25
-173.43 195.26 174.76
191.81 -88.02 181.62
194.98 -157.54 134.81
-104.09 -94.11 28.66
60.23 -49.24 52.89
-198.00 -30.79 15.24
172.84 -88.23 112.05
109.90 -28.21 87.25
-30.81 117.61 35.84
136.20 37.66 128.52
167.86 131.84 153.37
41.60 -167.28 21.99
180.65 -162.74 173.28
50.40 -154.90 15.77
146.27 174.20 42.43
158.60 -32.56 77.58
25.10 101.49 84.49
62.02 -25.98 4.11
-192.35 -151.39 137.36
105.56 95.59 97.28
86.14 134.68 3.94
-114.22 61.03 9.07
53.44 -47.57 52.24
-129.54 52.30 12.45
101.11 89.58 94.63
-176.83 189.05 187.67
166.24 -143.44 108.92
-98.25 -169.17 11.29
-42.34 147.09 68.12
-186.23 13.96 2.30
-157.44 -104.00 80.48
69.06 -166.06 28.00
199.18 -118.11 166.94
132.47 118.08 8.06
-42.73 70.78 64.97
-134.98 -57.46 12.19
149.84 -129.05 147.17
-63.55 142.16 95.22
62.41 -10.85 0.41
106.40 109.01 106.74
-86.99 88.77 88.13
172.77 -31.62 20.71
30.21 51.76 33.58
-84.21 11.60 8.27
167.64 163.52 165.68
50.92 53.05 47.63
146.32 -115.78 47.33
82.12 -57.70 24.00
83.14 -53.03 54.79
82.16 170.12 105.56
-111.66 -57.84 27.04
-16.07 60.07 16.48
154.78 48.43 9.23
75.47 124.08 122.74
-35.23 168.00 139.77
154.43 -137.94 141.84
145.47 -103.64 133.70
-27.94 53.73 48.06
-168.01 62.22 42.92
-68.83 128.83 124.17
55.14 169.17 128.27
27.50 119.13 50.28
-40.69 -88.90 16.77
115.56 30.75 69.33
196.45 164.98 180.68
-12.70 10.35 3.48
-165.39 92.83 8.15
-143.56 148.44 148.26
48.19 63.32 12.34
176.41 100.89 86.32
-147.72 73.75 32.36
34.41 139.79 88.71
62.02 -155.41 47.72
16.50 21.42 5.19
186.21 25.06 82.86
-36.63 157.00 34.76
31.02 94.59 50.86
182.71 78.42 61.30
-27.02 71.88 67.01
105.37 -56.83 65.51
-20.99 47.10 10.12
154.63 160.60 157.71
164.55 -57.94 159.98
-71.83 93.98 82.27
-125.05 131.16 126.38
167.10 -119.93 138.73
182.45 -179.91 182.35
153.11 183.76 31.84
-75.98 128.48 84.07
-98.73 196.35 175.20
133.16 34.26 113.30
180.62 53.14 92.67
123.28 -36.38 71.83
-30.17 89.46 43.54
-41.79 150.66 27.38
-27.04 -192.08 6.49
128.55 128.38 128.42
-161.69 151.96 32.96
-31.78 152.23 6.36
28.01 120.20 76.84
86.51 74.17 31.19
200.54 -185.83 69.29
179.78 -141.59 176.85
107.33 152.19 111.40
164.84 -83.30 142.43
141.29 121.46 127.80
-73.86 156.63 155.08
-53.69 160.56 104.71
85.08 65.97 32.02
88.66 36.64 41.58
116.46 -60.80 95.51
189.27 124.06 159.37
101.87 -80.56 91.20
81.34 -43.17 77.83
136.62 -35.56 68.39
18.33 156.68 112.58
175.93 -55.79 93.16
144.06 -123.10 125.81
-114.54 142.26 130.89
29.63 -17.82 2.00
44.26 80.74 31.21
39.86 187.59 42.41
-168.30 33.44 27.82
152.29 -21.58 48.10
192.50 -51.09 175.87
60.33 22.40 30.50
18.15 10.38 17.60
-31.36 189.58 55.91
108.03 18.62 21.62
34.15 115.94 113.76
176.17 39.83 99.35
124.40 180.00 166.79
-117.26 124.16 119.27
27.65 45.37 39.58
-139.71 133.66 46.51
157.90 134.15 134.33
137.87 -111.78 129.80
-43.70 39.81 31.59
-87.53 96.14 89.58
-37.41 91.75 8.70
108.61 -88.55 106.14
169.90 89.96 112.33
-140.06 158.38 139.12
-183.21 -58.74 41.46
73.67 147.89 146.70
-163.68 -122.41 85.56
-175.52 157.40 52.92
59.97 38.18 53.39
133.33 -102.85 120.73
130.31 70.62 76.45
160.19 -196.72 75.75
-11.40 122.05 56.65
-112.21 -92.84 70.45
58.94 -145.14 19.72
110.63 -79.32 94.97
-29.39 175.95 73.10
95.65 -51.39 87.43
-187.44 131.24 36.35
128.21 -56.17 121.69
-41.83 63.25 47.55
157.77 165.23 162.30
-26.78 -30.46 23.89
186.22 120.94 119.25
-53.85 92.71 64.22
-100.76 -46.11 42.56
75.22 57.45 65.33
187.87 -77.18 120.12
104.59 -16.37 60.53
181.06 196.70 189.37
143.59 67.62 76.19
133.26 -27.03 93.02
60.28 60.97 60.38
-54.69 152.19 129.09
145.65 83.88 132.90
109.75 97.93 102.07
130.28 -118.65 121.63
49.75 164.81 57.70
-175.00 198.21 177.12
-40.40 199.52 21.30
176.30 107.33 131.73
174.40 103.05 154.71
139.90 -60.59 76.61
85.23 99.06 82.00
61.08 -24.38 13.77
91.97 69.68 80.49
85.05 12.24 16.07
-113.67 190.23 151.92
25.74 123.70 30.10
94.36 -56.96 59.69
64.79 -61.27 63.18
61.19 -198.71 0.27
29.68 195.40 121.06
146.62 -53.54 99.51
82.02 87.03 84.70
-40.76 76.63 25.31
-13.96 148.50 107.57
-53.98 101.58 58.56
-176.92 38.84 25.51
97.38 12.96 60.90
71.23 115.69 37.29
36.92 173.75 82.71
122.22 137.92 137.17
73.06 -66.99 69.91
-109.89 33.97 30.06
-50.31 143.81 21.61
-78.99 79.57 69.53
196.21 163.24 129.78
62.93 35.48 50.92
156.77 -36.72 146.86
25.71 198.35 130.95
-64.71 -92.85 2.84
123.46 86.28 64.02
138.61 37.76 107.07
-37.99 56.38 48.19
171.83 54.30 154.49
96.68 68.62 79.92
82.43 -56.28 27.97
176.79 155.87 167.32
-12.14 93.36 7.54
116.55 -54.10 70.17
198.42 -68.07 131.35
71.20 96.55 55.48
60.32 180.36 125.55
187.27 115.96 164.27
83.34 11.07 29.81
150.80 161.72 157.59
180.75 159.83 167.07
165.76 182.48 177.31
-156.02 176.47 163.70
-127.12 -102.06 23.82
-69.37 93.70 90.03
12.89 126.04 1.96
-95.43 -199.24 1.73
110.04 -30.80 63.01
175.46 68.19 163.24
137.14 158.50 144.84
145.06 -122.37 134.59
-82.65 129.18 89.19
-14.98 75.17 22.03
145.66 108.10 132.63
46.38 52.09 9.25
92.67 145.75 116.21
42.21 160.47 35.55
142.52 44.72 49.51
121.85 45.40 49.19
163.71 134.57 163.23
-25.67 29.72 28.94
94.63 94.44 94.47
11.98 122.41 66.61
178.22 24.48 78.33
171.73 -52.29 122.48
169.66 43.95 71.17
188.81 94.27 155.75
-11.72 49.06 37.81
20.97 155.75 116.07
16.02 -65.18 0.73
-143.70 -174.26 95.62
-123.36 134.58 69.15
65.70 168.77 151.87
-89.54 151.38 66.58
-65.02 57.63 24.74
105.20 179.49 163.81
118.01 -104.05 114.58
48.72 111.75 83.91
148.72 124.71 128.14
200.62 40.36 171.96
68.62 12.28 43.38
188.48 -150.17 151.17
12.36 124.10 6.71
139.94 153.10 123.78
143.11 67.89 138.25
-115.45 -173.77 66.75
131.44 -91.48 123.44
60.09 171.77 81.21
57.64 135.85 106.77
175.16 44.73 168.68
153.20 -167.67 17.05
44.94 -148.18 15.01
82.63 187.98 102.69
10.94 117.99 69.17
-84.59 165.42 151.72
110.05 184.89 149.65
58.93 -52.74 54.65
150.76 -58.64 104.07
36.03 95.21 54.00
125.53 -24.73 107.44
171.68 148.09 170.40
175.31 -136.29 146.51
143.85 -17.91 107.35
-114.64 21.67 14.17
48.21 187.90 51.56
184.03 -173.05 175.72
-77.39 -54.66 47.46
186.08 -102.58 89.37
-128.11 177.91 137.04
72.07 47.09 70.47
126.31 -14.07 73.62
153.90 41.70 5.01
195.90 199.94 160.93
61.85 145.37 105.67
193.40 79.07 174.00
173.95 66.33 67.49
-98.57 -93.52 78.33
50.16 59.21 13.67
36.53 -29.65 1.67
186.60 165.60 28.21
132.95 84.63 127.92
-143.51 186.94 81.24
78.11 174.57 10.36
174.91 107.63 133.25
-37.38 119.26 66.54
18.33 156.50 109.68
-25.48 106.08 8.03
124.74 -31.59 38.99
-31.42 107.45 101.63
97.24 -156.23 55.56
200.91 -74.66 87.83
22.64 72.25 34.55
113.43 48.82 56.28
32.32 181.01 28.84
30.40 146.70 128.39
167.41 12.70 151.40
141.40 -104.90 130.67
127.74 97.91 109.31
162.92 56.61 50.58
-92.30 193.93 102.14
41.17 45.58 35.30
34.55 38.87 5.09
-187.81 158.30 82.87
-99.43 140.65 35.80
89.16 81.18 87.55
-176.98 191.90 189.13
132.34 -184.75 41.28
15.22 -127.74 2.48
148.69 -107.04 125.58
58.65 -39.73 41.15
95.64 128.97 102.64
-122.75 152.23 132.65
-155.13 157.17 156.33
32.97 166.26 76.21
182.57 163.30 173.38
19.80 -166.78 5.32
87.07 136.99 130.69
-22.84 115.81 111.48
82.90 139.56 98.22
191.64 92.85 119.87
30.58 135.37 4.63
-18.85 -37.92 14.92
188.98 114.13 144.17
-185.18 -32.49 29.64
162.66 -179.65 83.04
154.60 -189.90 130.57
-180.00 194.14 133.09
69.40 26.51 21.00
146.56 91.18 132.80
149.85 163.89 10.97
61.64 -57.47 58.43
91.60 -17.92 62.75
27.96 -192.33 13.80
87.08 -158.78 81.92
-11.21 172.00 95.22
-23.97 93.27 1.91
-73.14 62.82 38.22
94.37 10.64 44.93
-198.43 -128.13 41.98
50.37 157.57 91.67
175.99 -60.27 64.49
-169.18 130.45 96.27
19.34 152.61 69.20
31.55 -48.56 21.03
103.00 32.95 87.73
63.56 178.21 88.78
147.54 -62.15 63.18
183.52 126.23 178.30
115.96 93.72 95.74
-97.80 162.41 130.73
164.31 17.13 9.01
157.56 -18.81 109.88
69.43 48.84 40.95
-86.25 30.93 3.69
-15.48 53.69 11.85
164.64 199.83 184.77
84.85 -43.57 36.39
125.66 195.75 144.43
23.76 43.63 8.42
-59.77 -65.57 27.84
29.26 105.67 100.32
174.16 -72.48 120.55
175.28 -157.92 162.72
98.08 -41.03 93.56
45.73 18.55 27.86
62.61 170.69 69.00
154.16 -21.52 126.27
42.36 -23.19 38.94
-136.29 159.60 151.57
35.71 86.48 15.53
95.00 -13.00 89.37
-121.02 154.78 125.94
-63.36 115.20 96.04
-190.55 50.52 34.90
92.25 134.31 118.10
-61.58 91.47 7.18
102.94 18.61 72.46
25.53 113.94 112.03
-38.27 165.46 123.10
109.00 -42.55 79.79
181.75 29.51 24.87
61.06 103.22 71.55
-57.99 155.64 75.76
135.83 -54.92 109.14
187.43 -50.64 125.00
53.84 -179.21 32.63
84.07 139.34 31.40
35.10 130.85 49.13
72.66 144.56 97.45
192.32 -115.17 188.39
130.41 55.80 68.31
198.10 -52.99 130.10
-75.05 132.18 114.34
82.42 -53.21 76.33
85.69 27.24 38.06
41.54 17.17 8.49
26.31 151.74 124.85
101.12 -59.28 97.68
164.79 -18.89 7.46
-49.67 53.01 52.08
84.75 -35.93 84.26
-54.54 -188.99 9.50
107.82 104.82 104.88
200.26 24.75 50.68
122.36 -59.40 119.72
-70.01 -61.85 32.99
199.07 -37.30 178.66
87.59 137.95 116.29
156.97 -39.62 1.43
-127.85 170.12 160.81
-37.12 115.77 88.71
-81.17 -22.60 4.14
-44.77 148.89 134.27
-149.46 163.31 163.09
-51.48 126.20 68.66
-22.92 136.90 131.15
170.77 169.35 170.36
-35.82 114.56 107.84
177.23 141.65 103.98
166.59 107.19 6.68
105.81 121.45 113.64
-71.15 163.95 77.05
101.06 167.06 129.41
77.30 190.99 69.37
-140.27 178.90 86.43
-25.56 197.20 13.39
-78.94 130.26 90.56
-139.98 152.57 123.67
-21.14 77.28 62.93
98.93 78.10 81.58
174.03 -137.92 171.17
-73.04 37.62 3.05
173.78 130.76 134.32
33.81 -14.09 19.89
169.67 191.79 177.31
-177.01 -140.10 20.83
149.09 -23.11 12.66
11.33 -118.10 1.68
194.63 94.53 164.21
-38.44 -38.56 32.54
109.56 117.28 109.67
26.88 149.93 4.80
-175.37 181.08 179.59
-78.95 93.78 86.52
-145.18 77.72 38.40
-59.66 162.85 146.33
58.18 200.62 116.40
17.70 159.16 149.57
126.60 170.33 135.83
181.73 91.31 139.53
27.89 -24.06 26.22
-42.62 61.93 49.22
123.21 -41.57 2.65
-81.46 -81.40 66.49
165.85 47.81 152.21
66.45 111.86 77.37
-157.32 200.61 169.45
121.58 157.72 138.94
86.31 -65.35 81.15
37.78 -187.12 0.14
198.07 154.50 181.72
187.11 136.27 181.22
-84.04 155.13 93.77
107.60 118.89 117.74
142.53 -187.08 80.40
128.30 161.48 157.02
158.62 -15.91 97.29
-33.74 136.56 58.09
93.45 70.31 90.58
76.67 123.75 101.06
199.97 22.41 92.21
-43.86 58.14 48.49
-30.40 35.25 34.82
122.44 -40.96 60.80
155.25 24.36 110.00
-21.05 120.54 0.47
47.35 48.19 47.83
90.01 -70.53 77.22
149.19 121.77 133.89
132.18 88.79 7.78
142.49 191.71 164.31
-64.90 111.41 102.00
169.39 38.80 33.75
196.42 119.62 92.66
200.73 -68.71 162.44
125.83 158.89 101.55
-14.67 -137.88 0.22
-19.49 -200.74 13.98
181.40 76.81 121.45
-79.41 111.71 93.40
42.97 47.69 44.26
70.12 103.47 101.65
80.84 -65.31 71.07
-138.54 140.79 140.17
162.46 -11.91 126.65
-137.82 196.94 166.07
180.60 21.99 83.89
-10.44 155.90 9.81
-105.12 13.82 0.56
52.89 -33.13 34.17
-90.46 192.22 161.19
-42.88 80.71 46.96
179.77 -60.11 42.91
-68.66 120.76 116.74
160.84 -14.72 3.70
86.56 92.17 89.49
-54.21 36.72 9.35
114.76 -95.97 75.68
112.52 -38.52 98.95
138.14 -158.18 123.27
145.35 -107.81 114.75
-156.70 182.18 102.21
174.28 -125.48 140.53
74.16 136.25 81.58
-19.14 97.51 23.61
46.37 50.18 47.55
-138.75 -96.33 29.36
-56.24 190.45 82.39
-87.62 145.81 63.18
195.57 192.25 192.84
197.46 87.49 144.87
73.43 13.20 69.59
183.78 57.74 9.99
30.94 -84.11 1.07
176.09 84.15 63.52
198.86 -26.20 26.39
69.31 120.72 90.31
164.20 -69.19 28.68
-183.58 19.16 8.61
-31.90 115.23 74.63
-127.36 106.80 1.21
96.27 -93.65 94.72
38.44 145.18 34.18
191.76 134.44 154.50
115.73 146.26 36.30
190.02 -55.45 98.84
80.60 -35.47 37.98
-106.14 -130.94 18.25
-174.49 128.84 49.81
-153.78 -61.88 24.78
48.54 -47.95 48.40
170.42 -135.77 137.16
184.09 -117.90 123.69
152.47 101.88 134.30
196.16 25.30 160.61
98.59 154.33 99.85
11.24 99.02 6.88
-66.63 93.51 22.29
45.30 91.08 63.51
-71.60 114.78 113.30
-125.53 192.59 156.41
147.94 200.33 185.48
-84.54 -112.38 24.50
81.66 168.29 149.66
160.50 111.90 144.82
110.97 -40.46 78.90
23.94 178.71 147.25
-140.08 -179.22 97.50
148.14 -122.30 31.09
-112.95 -16.92 11.41
182.66 199.95 189.11
-66.36 79.18 75.12
-178.02 -155.22 56.37
178.60 -50.80 62.88
198.57 65.80 14.32
-133.00 194.64 146.58
65.55 92.98 79.90
-31.83 79.71 56.31
-114.02 179.20 135.42
184.88 -139.04 168.43
-32.12 148.84 139.50
177.08 -67.74 130.88
195.50 -66.74 187.94
172.00 -168.98 171.54
150.69 95.46 48.82
-181.16 -167.01 105.65
75.94 -34.25 0.95
78.35 57.69 71.37
195.93 -16.68 7.12
159.44 -108.71 131.33
36.18 86.70 47.76
-96.39 166.22 131.93
66.40 188.82 165.02
62.31 44.08 58.54
105.10 -104.68 105.08
-16.29 -57.23 7.10
163.50 184.32 121.34
159.44 -130.48 77.32
-45.12 83.32 55.06
-97.33 172.42 139.92
91.70 156.86 102.07
91.27 66.93 77.07
93.97 -15.77 23.67
-158.18 185.26 180.80
178.77 -92.47 48.97
111.34 149.15 121.57
41.96 53.60 52.99
-111.88 -105.93 60.25
-143.57 -46.36 27.44
56.58 67.07 64.50
114.48 -110.61 113.83
-156.32 182.22 70.76
53.47 18.77 36.86
34.23 10.48 14.27
-70.01 94.04 85.07
67.11 -14.49 22.35
26.51 122.65 14.73
-80.92 139.61 112.20
121.50 79.74 105.55
158.76 -117.93 152.61
175.87 82.01 137.62
132.24 -47.83 58.17
67.86 153.08 62.24
-37.31 106.70 49.84
58.17 88.02 75.34
-10.33 160.57 1.45
36.80 166.11 132.10
-65.62 124.23 18.42
-61.25 175.81 80.35
36.18 18.33 32.39
-56.62 -74.03 12.05
26.91 77.29 6.37
124.92 -90.18 120.10
-38.34 42.99 41.26
90.54 74.72 89.95
41.95 149.26 76.79
-171.59 170.92 146.11
-68.91 -182.91 2.87
51.80 68.55 64.89
-149.25 178.68 163.80
35.85 -12.12 10.98
81.66 -19.22 41.59
-142.79 -157.60 2.89
-25.83 192.07 153.78
-123.82 -75.19 45.85
48.21 -98.60 25.83
-38.50 162.43 98.55
195.45 174.04 194.84
59.32 -181.86 35.02
-155.69 176.66 136.49
136.24 151.62 148.33
129.68 199.17 15.62
-133.94 181.47 161.31
119.92 102.57 112.68
-50.39 56.15 51.26
-164.31 198.21 173.64
50.75 63.95 55.02
118.09 -78.63 82.18
-164.12 -45.41 36.67
-102.80 166.36 136.78
54.23 179.15 68.30
-48.87 -178.56 35.47
-140.28 123.11 33.83
-38.76 43.39 39.58
-123.58 159.55 86.08
-119.08 24.42 7.80
51.11 33.37 35.42
-19.03 107.43 34.04
-101.09 200.17 42.82
158.95 -20.05 137.89
138.55 134.63 135.78
89.70 18.65 15.02
193.91 149.81 173.15
13.81 57.64 14.94
-29.45 89.08 66.65
118.56 -94.76 96.38
-31.82 199.16 82.62
55.72 -188.47 21.15
140.63 -56.62 0.99
149.76 -136.08 32.52
84.59 162.67 115.29
-17.17 114.09 112.98
-72.08 104.66 93.28
177.57 44.08 39.07
-32.47 134.63 34.23
-20.91 166.96 129.03
-45.72 182.09 32.09
-194.07 47.35 11.96
-51.46 -66.03 45.11
188.69 -121.68 133.99
149.91 125.26 91.05
-153.53 174.73 162.39
-175.55 23.78 13.84
-112.17 159.23 116.92
-55.56 100.91 2.44
83.40 95.39 86.82
-180.98 196.86 185.48
-124.12 30.10 16.99
37.62 97.48 40.25
151.81 -51.83 92.21
-109.92 -23.82 15.02
-152.88 196.48 192.85
-162.43 15.34 4.52
-40.83 67.21 23.41
29.02 187.32 66.90
90.06 156.01 95.85
-87.63 66.97 62.49
33.60 47.00 41.44
188.81 101.35 156.43
84.66 -47.14 41.06
191.81 132.45 107.34
124.24 72.67 100.41
44.33 115.25 108.34
-55.05 115.99 17.34
120.09 -83.67 67.22
-42.94 167.36 21.82
96.00 144.61 139.40
47.44 200.88 91.35
-54.53 89.88 82.81
48.37 192.99 101.35
-35.53 57.58 34.27
71.55 59.13 28.26
176.81 -44.39 140.76
70.92 -26.98 29.32
-38.43 -23.48 22.79
47.73 41.49 21.05
142.01 120.59 134.54
-152.59 177.08 153.41
152.61 46.21 104.39
165.95 -72.47 146.43
93.20 131.62 106.11
-132.35 -27.66 4.89
146.62 122.19 135.16
163.88 -44.38 79.40
71.88 -39.63 67.47
-141.16 186.27 145.26
-132.78 139.89 138.27
76.21 195.00 1.95
55.40 110.50 61.30
68.99 -64.93 65.59
189.45 37.31 44.31
169.77 66.52 147.24
-10.58 134.63 45.06
89.79 187.16 170.35
128.13 54.75 46.55
-131.20 184.12 149.02
154.47 197.62 155.61
184.42 149.37 160.88
18.18 -17.57 18.06
105.83 -66.03 86.20
85.38 113.16 107.46
-18.18 34.46 20.52
162.21 128.35 31.60
30.00 86.70 8.32
193.60 -172.48 188.70
-66.77 86.95 75.46
-116.33 174.26 150.63
82.22 -55.53 77.93
87.58 15.35 17.94
113.32 99.23 100.74
-92.85 19.16 18.62
24.60 137.37 125.09
43.78 18.30 34.95
80.31 -61.65 61.67
96.47 152.53 117.29
-163.95 24.94 14.62
192.08 48.87 131.86
-63.21 147.09 97.61
64.25 174.62 143.68
152.86 35.86 137.43
15.74 -72.94 13.42
46.12 192.98 111.53
197.12 -195.53 29.03
-33.62 163.54 150.56
32.22 -85.69 8.81
-49.49 168.85 102.08
156.42 156.99 90.14
142.21 20.11 60.48
123.25 71.46 83.50
-119.78 139.42 138.95
16.41 -137.60 9.81
60.96 43.66 42.84
97.37 -34.93 82.15
150.35 74.71 78.98
34.30 -58.68 0.76
172.42 89.70 143.44
166.24 71.07 77.25
-58.91 40.00 3.25
118.89 98.69 113.93
134.79 89.24 126.32
165.43 -21.40 18.26
153.35 102.68 44.10
-36.79 70.12 61.14
30.51 160.34 110.14
-68.17 121.79 90.45
174.60 -160.95 168.03
-142.18 -16.04 0.71
194.38 166.54 175.28
-195.76 -70.19 56.67
104.47 124.94 59.71
56.23 191.14 122.60
-95.54 140.05 114.95
132.10 -80.75 68.45
15.66 73.07 27.04
-101.15 162.39 134.64
164.41 149.62 114.16
177.31 -174.62 174.86
-191.24 -111.08 102.13
82.47 -46.76 51.27
132.11 23.19 71.14
187.04 -17.31 102.36
-138.90 176.96 146.36
77.75 -14.34 18.18
65.27 43.11 54.21
186.89 190.78 173.22
-20.72 32.85 16.30
180.95 47.06 64.67
66.05 -65.09 65.84
186.65 -37.99 59.04
194.75 -47.29 58.35
152.63 -45.79 23.84
78.78 190.39 65.41
-90.62 124.62 92.58
-54.99 -57.42 16.86
-127.36 138.33 129.72
135.35 -81.30 132.04
179.31 -191.71 161.29
193.79 -112.69 148.08
105.51 71.49 100.31
110.86 158.47 132.67
-129.20 133.79 129.43
172.33 10.27 165.97
163.49 193.49 181.66
43.92 58.54 17.48
-176.84 185.28 183.83
87.56 53.17 64.81
72.91 -54.05 64.95
42.85 -71.21 13.87
11.06 66.45 40.91
186.79 31.08 169.14
98.04 -187.73 50.54
152.94 183.16 173.58
147.64 132.38 133.67
166.47 -82.45 119.02
130.14 16.10 25.18
175.54 -38.12 32.70
89.14 113.18 100.32
134.81 86.07 34.57
195.00 -154.79 157.15
-24.78 28.17 27.74
32.13 157.81 43.13
-24.63 87.59 28.56
96.24 86.64 92.16
129.61 -66.82 123.61
81.73 -113.56 31.22
-67.14 99.56 79.62
165.72 138.56 144.22
33.29 186.70 101.95
183.05 170.03 174.01
-133.71 143.45 137.64
134.40 152.28 74.60
191.49 39.19 140.09
174.47 -36.61 12.82
174.92 181.45 177.31
-110.69 171.21 128.78
-29.02 80.04 16.94
-26.19 96.18 89.63
61.53 132.00 30.34
-177.65 178.60 177.89
189.37 50.06 131.86
196.48 -12.27 73.12
29.72 -118.66 20.02
164.67 -28.28 11.57
123.09 173.84 150.16
185.09 11.81 49.39
121.28 119.07 119.52
114.04 -90.67 104.19
103.63 141.11 124.65
-61.55 149.81 149.59
181.48 -59.48 63.11
-36.69 82.55 65.65
63.29 -56.25 54.62
93.19 -32.93 71.14
-115.99 184.23 159.89
109.60 -64.35 98.18
28.28 96.92 84.27
86.71 65.06 68.35
179.30 -66.50 111.91
140.77 49.07 62.80
70.25 144.79 5.57
174.56 184.37 174.81
41.16 191.35 58.61
69.39 81.30 73.13
123.63 62.26 107.38
-146.73 -178.30 57.75
148.35 -127.94 136.14
188.99 118.83 182.23
-34.47 94.03 59.01
117.53 36.38 91.48
79.78 94.79 93.74
161.69 28.71 156.12
17.95 -109.10 8.24
-158.67 196.07 187.74
80.26 -57.55 61.96
-15.84 -44.65 9.80
105.74 178.12 144.13
-149.04 149.06 149.05
79.72 39.67 70.67
55.30 13.96 40.06
-171.43 18.42 0.26
-151.72 92.45 52.84
-159.54 186.58 81.52
187.40 -186.83 186.97
46.50 -107.25 42.35
162.70 -100.26 139.46
13.53 79.49 72.44
123.22 80.38 108.53
30.35 51.50 42.61
29.22 26.30 27.76
65.33 100.79 74.32
117.64 42.49 112.74
156.59 134.11 146.57
54.37 28.63 51.94
109.18 -21.24 67.71
-149.81 -190.75 40.78
110.64 -15.38 103.22
140.08 85.72 81.60
-42.51 123.73 81.71
-15.63 117.06 3.24
47.89 -45.49 47.23
-147.08 200.02 180.77
15.52 47.76 29.11
148.43 181.10 162.24
94.86 173.66 55.66
-123.94 85.67 63.84
-169.32 198.62 171.56
117.14 -64.34 83.58
155.82 185.93 159.33
199.36 -120.57 160.13
93.29 -44.82 79.82
-85.45 44.66 12.81
38.25 138.33 49.24
29.86 75.11 30.07
-36.85 149.83 120.74
66.77 -183.99 25.13
73.87 133.37 115.68
-185.77 -173.29 112.86
70.73 70.52 70.59
-84.16 84.29 84.19
149.88 -164.50 133.09
72.72 87.18 83.98
135.56 38.24 99.14
-48.25 155.03 129.40
28.28 189.58 122.97
55.71 122.36 70.89
127.48 -64.41 26.94
144.02 -30.14 16.31
-12.49 200.48 42.42
106.00 101.55 105.54
162.45 135.77 156.88
187.62 -14.42 172.80
128.14 -32.74 53.62
187.68 -63.09 170.13
-126.57 -79.68 17.62
177.71 105.08 114.37
24.72 -43.26 22.89
71.92 186.11 124.38
151.86 -34.09 120.53
-38.59 147.31 44.60
125.95 -79.77 123.22
-147.01 -33.22 16.42
57.45 169.53 35.46
-117.75 122.36 118.36
120.13 200.40 164.64
65.30 -45.39 13.26
-26.53 -193.97 24.53
195.48 140.02 173.44
-163.05 -181.78 117.19
-52.09 83.98 81.55
-158.56 163.33 162.77
-94.52 121.22 121.22
176.42 -74.97 98.88
47.56 66.73 53.67
175.86 19.15 102.25
165.63 156.68 159.46
-193.99 195.37 195.07
75.12 -189.34 51.62
198.95 -98.19 52.68
171.17 -41.72 81.83
-76.41 -84.75 48.56
-27.25 127.78 118.24
-118.31 173.96 153.70
176.53 -133.95 147.07
49.25 64.79 61.04
195.61 -98.62 185.49
21.37 24.92 13.55
177.66 -20.36 30.28
169.35 75.32 59.75
98.14 48.11 72.26
72.18 94.09 75.01
187.25 -136.40 156.80
-123.18 164.03 146.26
87.60 -11.88 75.17
-167.18 176.89 167.41
