[[-5, 14, -5, -2, 16], [17, 8, -10, 18, 36]]
[[3, 38, 46, 34, 44, -2], [-10, 22, 14, 47, 34, 37], [45, 39, 24, -9, 44, 18], [41, 27, 49, 27, -4, 15], [19, 25, -8, 2, 29, 28]]
---
[[12, 6, 39, 48, 28, 49], [48, 13, 31, 21, 7, 6], [22, 32, 22, 47, 47, 21]]
[[19, 15, 12, 44, 48], [38, 18, 14, 1, 40], [35, 39, 18, 46, 43], [-9, 6, 31, 39, -5], [9, -9, 31, 3, 19], [15, 40, 32, -9, 29]]
---
[[7, -2, 23, 23, 21], [6, 14, -5, -4, -9], [-9, 45, 38, 43, 12], [17, 17, 34, 21, 1], [21, 20, 9, 46, 49]]
[[4, 18, 33], [-6, 12, 48], [-3, 50, 40], [-3, 24, 3], [-3, 15, 11], [33, 12, 26]]
---
[[-8, 34], [15, 32], [18, 16], [30, 41]]
[[28, 27], [38, 26]]
---
[[14, 49, 44, 35], [35, 40, 22, 43], [-5, -7, 8, -2], [34, -6, 17, 39], [42, -8, 37, 31], [5, 3, -6, 2]]
[[29, 21, 11, 30], [0, 33, 27, 49], [-6, 6, 43, 0], [49, 19, 43, 38]]
---
[[10, -10, 8, 0, 42, 28], [26, 16, 34, 15, 16, 36], [38, -7, 44, 9, 10, -8], [21, 8, -8, -7, -2, 22], [45, -2, 15, 40, 39, 21]]
[[45, 0, 34, -1], [-8, 46, 7, 35], [14, 44, -3, 7], [49, 20, 37, 43], [-5, 11, -1, 42], [13, 42, 20, 0]]
---
[[45, 41, 41, 38, -10, 6], [-6, 14, 15, 28, 32, 14], [18, 11, 1, -1, 24, -5], [33, 22, 9, 12, 2, 31], [49, 3, 27, 18, 3, 10], [22, 2, 12, 28, 18, 41], [2, 8, -5, -6, 0, 0]]
[[2, 24, 6, -1, 15, 14, 12], [13, 48, 34, 5, 18, -1, 33], [25, 48, 2, 49, 14, 34, 14], [-2, -6, 29, 43, 42, 26, 2], [18, -2, 3, 1, 45, 8, 6], [34, 30, 8, 17, 44, 44, 23]]
---
[[16, -2, 22, 0], [10, 13, 14, 20]]
[[21, 45, 17, 31], [0, 0, 11, 41], [45, 22, 27, 26], [-7, 17, -7, 24]]
---
