[[39, 40, 22, 48], [31, 36, 20, 27], [48, 41, -4, 36]]
[[29, -5], [22, 27], [34, -6], [38, 16]]
---
[[-4, 42, -9, 12], [39, -8, 50, 27], [-3, 34, 32, 11]]
[[23, 34, -8], [39, 45, 16], [36, 46, 12], [45, 5, 34]]
---
[[29, -2], [38, -7]]
[[-10, -2, 39, 3], [11, 45, 37, -3]]
---
[[48, 36], [11, 23], [-6, 32], [3, 2]]
[[26, 41, 40, 44], [-5, -4, 14, 49]]
---
[[-1, -10], [24, 41], [-3, 50]]
[[14, 17], [23, 0]]
---
[[21, 23, 46], [24, -5, -2], [39, -5, 48]]
[[27, 39, 23, 12], [-4, 5, 9, 11], [47, -4, 14, 16]]
---
[[43, 19, 4, 36], [11, 33, 26, 48], [7, 45, -7, 11]]
[[8, 33, 12], [47, 7, 12], [23, -6, 39], [-3, 27, 35]]
---
[[-3, 25, -8, 2], [17, 17, 19, 24], [20, 43, -5, 28], [35, 37, 5, 22], [-9, -1, 33, -1]]
[[3, 26, 6], [14, 24, 31], [-6, 12, -5], [25, -2, -2]]
---
