[[10, 16, 35, -7], [27, 14, 25, -3], [16, 41, 19, 41], [32, 25, 6, 34], [24, 14, 28, -3], [11, -8, 6, 44]]
[[0, 32, 35, 41, 21, 1, 16], [17, 22, 38, 20, 14, 35, 29], [-9, -6, 25, 47, 28, 10, 31], [27, 23, 10, 8, 5, 25, 3]]
---
[[35, 5, 20, 33, 15], [-6, 10, 37, 41, 24], [31, 47, 28, 48, 45], [29, 19, 13, 29, 19], [-5, 13, -5, 23, 0], [0, -10, 38, 38, 42], [7, 4, 43, -5, 8], [9, 33, 3, 3, 45]]
[[14, 36, 6, 40, 8, 28, 13], [-8, 39, 35, 47, 49, 17, 3], [36, -4, 11, 32, 15, 29, -3], [13, 4, 44, 18, 44, 50, 31], [1, 43, 25, 14, -4, 6, 45]]
---
[[35, 39, 9], [37, 20, 32], [38, -4, -6], [40, 43, 11], [-2, 3, 48], [7, -3, 47], [33, -8, 18], [9, 22, 50]]
[[18, 27, 42, -5, 31, -9, 5, 5], [30, 48, 11, 50, 13, 46, 23, 34], [38, -6, 5, 21, 4, -10, 37, -10]]
---
[[22, 22, 22, 1, -1, 37, 8, -8], [10, 2, -2, 32, 12, 23, -6, -5], [-4, 6, 33, 1, 22, 18, -4, 9], [31, 1, 0, 48, 20, -1, 22, 46], [38, 4, -8, 50, 14, 5, 25, 35], [19, -5, 39, 44, 9, 4, -5, 1], [12, 20, -5, 34, 50, 12, 39, 45], [10, 43, 45, 22, 38, -1, 38, -8]]
[[-3, 2, 8, 6, 3], [19, 8, -2, 26, 20], [43, 30, 36, 50, 39], [-9, 35, 29, 5, 46], [23, -5, 41, 17, 16], [23, -3, 31, -8, 32], [26, 20, 48, 38, -3], [40, 4, 30, 41, -8]]
---
[[4, 34, 7, 6, 1, 16, 6], [30, 2, 15, 49, -6, 6, 47], [-1, 46, 31, 32, 39, 18, 12], [4, -10, 4, 40, 14, 1, 22], [25, -7, 39, 5, 27, 36, 22], [25, 29, 40, 40, -10, 5, 33], [34, -7, 46, 13, 3, -9, -1]]
[[11, -3], [34, 27], [35, 36], [-3, 15], [0, -2], [16, 25], [-3, -3]]
---
[[-8, 29, 24, 20, 16, 11, 14, 12, 19], [28, -7, 6, 15, 25, 47, 0, 49, 9], [14, 49, 32, -8, -7, 21, 2, -2, -8]]
[[-10, 30, 5, -1, 43, 8, 25, 8], [22, 2, 22, 43, -2, 43, 33, 29], [21, 30, 33, 36, 23, 20, 15, 20], [31, 42, 13, 15, -9, 0, 12, 30], [-7, 5, 46, 38, 6, -8, -7, 10], [-10, 40, 17, -10, 49, 8, 32, -10], [16, 29, -2, 32, 39, 23, 45, 2], [32, -5, 39, 6, 10, 36, 8, -7], [8, 30, 15, 41, 46, 21, -9, 28]]
---
[[41, 35], [20, 42], [-1, 41], [24, 10], [23, 23], [-6, -3], [16, 26], [49, 46], [20, 13]]
[[42, 7, 38, 14, -10, 12, 5, 15, 42], [9, 1, -10, 7, -4, 33, 0, 42, 13], [28, -8, 43, 15, -6, 33, 36, 28, 37]]
---
[[31, 28], [21, 28], [-8, 23], [-5, 19], [9, 40], [29, 23]]
[[0, 6, 43, 21], [15, 0, 11, 5]]
---
