2 5
5 6
<class 'list'> 2 <class 'list'> 6
[[-158, 269, -380, 511, 508, 856], [943, 1818, 1248, 1602, 1552, 1360]]

3 6
6 5
<class 'list'> 3 <class 'list'> 5
[[2376, 3805, 4854, 3843, 4206], [2455, 2466, 2376, 4337, 4359], [2719, 2463, 4694, 3797, 4549]]

5 5
6 3
None

4 2
2 2
<class 'list'> 4 <class 'list'> 2
[[1068, 668], [1636, 1237], [1112, 902], [2398, 1876]]

6 4
4 4
<class 'list'> 6 <class 'list'> 4
[[1857, 2840, 4874, 4151], [2990, 3004, 4260, 4644], [-291, -326, 14, -569], [2795, 1359, 2620, 2208], [2515, 1429, 3170, 2046], [279, 206, -36, 373]]

5 6
6 4
<class 'list'> 5 <class 'list'> 4
[[796, 1530, 764, 1460], [2641, 4220, 2153, 2089], [2669, 1568, 1274, 832], [722, 778, 977, -182], [4289, 2679, 3332, 3348]]

7 6
6 7
<class 'list'> 7 <class 'list'> 7
[[1596, 4988, 2866, 3895, 3397, 3155, 2621], [1541, 1436, 1490, 2285, 3604, 2012, 1170], [468, 816, 487, -18, 1300, 221, 620], [1643, 3134, 1566, 1563, 2975, 2438, 1997], [1170, 2802, 1061, 2236, 2498, 2533, 1349], [2032, 2226, 1418, 2495, 4324, 3390, 1605], [-5, 228, 100, -465, -148, -306, 206]]

2 4
4 4
<class 'list'> 2 <class 'list'> 4
[[1326, 1204, 844, 986], [700, 1098, 551, 1687]]

