6 4
4 7
<class 'list'> 6 <class 'list'> 7
[[-232, 301, 1763, 2319, 1379, 745, 1688], [-68, 953, 2072, 2538, 1448, 692, 1604], [1633, 2243, 3003, 2697, 1647, 2666, 2157], [1289, 2320, 2560, 2366, 1360, 1817, 1525], [-95, 839, 2042, 2556, 1469, 719, 1649], [998, 1152, 671, 925, 507, 891, 262]]

8 5
5 7
<class 'list'> 8 <class 'list'> 7
[[1614, 2152, 2432, 3079, 2217, 3385, 2108], [1725, 1222, 3125, 2488, 2705, 3269, 2192], [1735, 4964, 5376, 5839, 4903, 5149, 3973], [1118, 2666, 2733, 3257, 2558, 3076, 2149], [-55, 439, 1382, 665, 1534, 1086, 702], [1984, 1416, 2790, 2018, 1584, 3084, 2924], [1557, 560, 635, 1866, 645, 1309, 179], [54, 3546, 2499, 2691, 1686, 1320, 2325]]

8 3
3 8
<class 'list'> 8 <class 'list'> 8
[[2142, 2763, 1944, 1964, 1628, 1389, 1405, 1411], [2482, 1767, 1934, 1487, 1535, 267, 1829, 545], [336, 870, 1522, -516, 1102, -466, -124, 114], [2428, 3078, 2208, 2181, 1843, 1508, 1596, 1552], [1878, -198, 189, 1168, 169, -324, 1835, -388], [1822, -237, 496, 802, 366, -671, 1705, -537], [1038, 399, 1388, -187, 991, -845, 647, -287], [2722, 999, 870, 2105, 765, 431, 2401, 293]]

8 8
8 5
<class 'list'> 8 <class 'list'> 5
[[2005, 937, 2203, 1472, 2618], [83, 827, 1699, -241, 2450], [2712, 857, 2711, 2234, 2309], [2343, 2277, 4863, 3522, 2175], [1655, 2173, 4437, 2765, 2211], [1338, 2555, 3125, 2126, 3781], [4063, 1898, 6506, 4593, 2512], [4043, 3025, 5363, 5308, 4183]]

7 7
7 2
<class 'list'> 7 <class 'list'> 2
[[1665, 1628], [731, 1260], [2794, 3177], [-326, 393], [1897, 1995], [2522, 2794], [1566, 1332]]

3 9
9 8
<class 'list'> 3 <class 'list'> 8
[[2380, 2814, 3298, 4216, 2145, 2776, 2152, 2383], [1152, 3666, 4374, 1255, 4578, 2172, 2379, 280], [1105, 1775, 1933, 2373, 1989, 2889, 3218, 1447]]

9 2
3 9
None

6 2
2 4
<class 'list'> 6 <class 'list'> 4
[[420, 186, 1641, 791], [420, 126, 1211, 581], [345, -48, -91, -53], [285, -30, -6, -10], [600, 54, 827, 389], [345, 174, 1500, 724]]

