421 199 199
443 398 398
74 144 144
145 17 17
191 25 25
484 311 311
390 302 302
67 405 405
439 276 276
342 351 351
411 94 94
330 22 22
156 355 355
12 300 300
455 459 459
133 69 69
283 183 183
4 35 35
168 409 409
396 43 43
406 341 341
135 344 344
278 494 494
18 141 141
499 412 412
120 380 380
491 295 295
471 353 353
16 269 269
6 284 284
340 66 66
20 111 111
96 466 466
34 200 200
273 262 262
222 117 117
453 157 157
79 216 216
52 26 26
203 219 219
431 152 152
356 185 185
165 251 251
121 128 128
323 77 77
257 263 263
400 159 159
260 85 85
63 160 160
315 446 446
218 382 382
151 381 381
36 232 232
392 174 174
391 377 377
212 177 177
243 317 317
233 97 97
130 362 362
367 414 414
184 293 293
76 163 163
403 89 89
345 14 14
221 285 285
373 298 298
82 176 176
7 338 338
328 319 319
480 181 181
425 270 270
375 140 140
347 87 87
237 447 447
321 324 324
84 1 1
408 486 486
478 386 386
39 430 430
210 473 473
350 418 418
239 438 438
467 223 223
456 72 72
249 498 498
100 171 171
45 444 444
308 248 248
265 187 187
384 92 92
334 31 31
294 288 288
58 2 2
10 198 198
279 81 81
236 258 258
487 388 388
139 104 104
475 246 246
426 153 153
