-364 308 -422
-478 -491 -193
-77 -223 187
-332 -179 225
-372 165 110
2 311 -131
-233 -36 -120
498 300 -127
398 92 79
67 405 -328
194 276 461
344 422 -205
-3 -487 201
159 355 497
376 -182 342
-196 373 82
-382 241 -109
367 142 -444
54 -467 181
478 -434 237
200 298 -93
430 -314 -267
320 -203 -139
470 -361 101
476 -150 88
-141 -9 59
-247 63 -65
-368 216 -95
-288 -304 233
425 218 385
437 -468 -60
-354 394 -472
-213 -378 307
51 3 108
-18 128 98
-277 126 -398
173 -167 37
61 488 314
-161 -83 358
191 335 -22
-43 163 153
445 432 10
-146 -67 254
-486 -164 180
364 321 -496
-315 -291 246
-445 -406 114
-242 -159 329
466 -190 83
284 -322 380
-271 270 -393
330 414 123
279 440 290
34 222 -426
207 481 118
73 -343 -484
147 -197 22
-5 28 -88
143 351 -121
-306 -49 -258
-107 12 457
130 265 340
-57 260 292
-414 -294 -284
-327 33 -411
-86 -387 -220
281 -52 -448
210 -99 -297
383 -254 174
48 134 -27
412 -357 419
-408 -320 -71
155 -24 -437
-238 -265 -274
-418 -256 -154
208 451 -474
261 -344 -47
-113 349 -401
-173 295 -214
-225 -384 76
391 42 227
106 -429 -452
18 -499 -396
-376 14 -263
-117 490 -227
362 236 248
434 390 188
485 -309 253
-147 -134 -39
-348 410 -210
-336 24 449
273 460 -126
-435 -234 169
-175 -283 93
-76 -244 -359
-11 -17 -32
-459 46 -463
-187 -455 -100
400 -54 140
-338 324 472
