[7]
[[[25]]]
[[56]]
[58, [31, [90]]]
[73, [769, [93]], [729, [98]]]
[10, [364, [27]]]
[1546, [610, [76]]]
[11, [1782, [8]]]
[61, [[2, [75]], 8000, [39]], [58, [46]]]
[29, [[955, [51]], 374, [57]]]
[24, [[332, [40], [73]], 77]]
[2408, [970, [16]]]
[100, [36, [55]]]
[47, [[396, [19]], 172, [41]]]
[23, [[132, [22]], 1800, [356]], [[[623, [62], [66]], [71, [756, [9]]], 30], 92]]
[98, [[26105, [43], [6]], 32]]
[97, [[[5, [162], [49]], [249, [441, [80]]], 74], 40], [12236, [79]]]
[40, [[[970, [92]], 1000, [51]], 536, [232, [797, [33]]]]]
[[59, [16077, [408]], [87, [70, [16]]]], 66]
[8, [[18, [74]], 623, [29]]]
[81, [[31, [159]], 9577, [22, [181, [41]]]]]
[17, [95, [70, [1215]], [53, [1201, [28]]]], [12548, [31]]]
[16, [[464, [43]], 103, [48, [52, [30]]]]]
[95, [[[96, [60], [7]], 3], 940, [178]]]
[19, [[[573, [40], [75]], 6], 8, [94, [181, [50]]]]]
[65, [1137, [149]], [[[89, [11], [10]], [96, [825, [106]]], [955, [97]], 207], [3263, [160]], 43]]
[[53, [[164, [25], [106]], 39], [71, [[1281, [29]], 117, [52]]]], 7]
