80 50 50 50 110 20 60 50
90 20 80 110 60 40 130 60
60 30 70 40 40 60 120 30
60 40 110 100 60 60 50 60
50 30 90 100 80 50 40 50
60 40 140 70 100 40 140 70
30 30 60 80 90 10 50 90
40 20 90 40 20 60 130 30
30 20 40 40 70 60 80 70
20 30 40 70 80 40 50 90
30 60 50 60 80 10 30 30
50 20 70 30 20 60 130 30
110 20 60 50 80 50 50 50
60 40 130 60 90 20 80 110
40 60 120 30 60 30 70 40
60 60 50 60 60 40 110 100
80 50 40 50 50 30 90 100
100 40 140 70 60 40 140 70
90 10 50 90 30 30 60 80
20 60 130 30 40 20 90 40
70 60 80 70 30 20 40 40
80 40 50 90 20 30 40 70
80 10 30 30 30 60 50 60
20 60 130 30 50 20 70 30
