350 400 50 150 50 350 200 150
350 400 50 50 400 50 250 100
300 150 200 150 400 200 200 200
150 350 50 100 350 100 150 150
100 150 50 250 400 300 150 150
100 100 200 100 100 400 200 100
250 400 50 150 200 400 50 100
250 350 250 50 350 250 100 50
200 100 250 50 400 250 100 250
100 400 250 100 100 200 100 150
250 250 200 250 250 400 50 250
350 50 200 50 100 50 100 50
300 400 150 150 400 400 250 250
350 100 250 100 300 350 150 150
400 350 50 100 250 200 100 150
200 400 150 100 400 300 100 50
100 200 200 250 200 200 200 150
350 150 150 200 50 200 250 150
300 300 100 250 300 100 50 150
400 50 250 150 300 250 150 200
100 350 150 250 200 300 50 250
50 300 150 250 200 400 150 100
250 150 150 50 50 400 150 150
100 300 100 50 300 300 100 250
200 200 250 150 400 50 100 50
100 50 50 250 50 300 150 200
100 150 250 100 150 250 100 50
400 250 250 50 250 50 50 200
350 350 150 250 150 250 100 100
50 250 50 250 100 400 50 100
50 350 50 250 50 150 250 100
150 150 150 50 300 350 100 250
400 400 150 150 150 350 50 50
200 350 150 150 100 350 150 150
250 400 250 250 400 250 250 200
300 100 200 50 200 400 100 50
200 350 100 100 150 200 100 50
150 100 50 250 250 100 50 200
100 300 200 150 350 400 200 200
300 100 50 200 350 50 50 250
400 250 50 100 350 100 200 100
200 200 100 150 200 350 50 150
150 250 50 100 150 400 150 150
50 300 250 250 300 350 200 100
400 50 200 100 150 350 250 100
400 250 250 150 250 250 50 150
400 400 150 150 150 150 200 150
300 400 250 100 200 400 100 200
400 150 100 100 50 400 200 200
350 400 150 150 100 350 150 200
150 200 150 100 100 400 100 150
150 150 100 100 400 250 250 100
150 400 200 200 150 400 100 50
250 300 100 150 300 250 200 150
50 300 200 50 350 100 200 250
150 100 200 200 100 300 250 150
350 400 150 100 100 50 150 250
350 150 150 200 400 350 100 100
150 200 250 150 50 50 100 250
150 100 150 50 350 150 100 100
50 200 100 100 400 200 100 250
350 400 150 100 300 350 200 150
50 150 200 250 200 50 200 250
350 150 150 250 100 200 150 250
350 300 150 200 150 350 100 200
200 250 100 50 200 50 150 150
100 250 250 150 350 100 200 250
300 350 50 250 350 250 200 150
100 400 50 250 150 50 100 250
50 350 100 200 400 200 200 50
100 300 200 250 50 200 100 250
400 100 200 250 300 100 250 250
400 300 200 200 350 150 250 50
300 200 150 100 400 100 150 50
50 100 200 250 50 250 250 150
300 150 100 250 100 50 50 150
350 400 150 200 350 50 50 50
250 50 150 200 350 350 250 150
400 50 250 200 350 150 50 50
400 350 150 200 400 200 250 250
50 50 150 200 250 50 50 100
300 400 150 150 300 250 50 50
50 150 50 200 250 250 150 100
400 200 250 150 100 100 100 100
250 200 200 200 200 200 250 100
250 400 250 100 350 400 100 200
100 50 100 250 300 100 250 50
50 200 150 100 400 200 250 250
350 50 250 200 350 350 200 250
250 250 250 150 400 150 250 250
250 150 100 200 50 300 50 150
400 50 200 200 150 200 150 200
100 200 250 100 400 400 100 200
400 300 200 200 150 100 50 250
250 250 250 50 200 250 250 150
250 100 200 200 50 350 100 200
100 150 250 150 400 300 200 250
300 50 100 100 100 250 150 250
200 100 50 50 300 50 100 50
350 300 200 100 400 200 50 150
150 200 250 50 250 300 250 100
150 250 50 150 50 400 150 100
200 50 50 150 350 150 250 50
300 250 50 150 150 100 50 100
400 150 250 50 50 150 250 200
400 300 250 50 300 100 250 150
200 150 200 200 100 100 150 150
250 200 250 150 300 350 100 200
150 100 250 200 250 50 100 50
200 200 200 150 250 50 50 200
