49.42 48.4 24.18386802 48.2 59.62 35.47 0.0000011 1
83.14 51.69 10.54702915 43.25 41.96 30.5125 0.0000008 1
2.82 69.42 1.559176989 19.21 69.09 22.9525 0.0000012 1
28.05 9.67 31.50684756 74.06 31.97 18.6225 0.0000008 1
13.72 3.52 42.00031921 66.66 45.65 21.6575 0.0000011 0
28.47 31.33 33.70039317 29.59 35.52 35.0375 0.0000005 0
95.18 13.85 71.29877746 88.36 96.39 11.5225 0.0000005 0
63.03 20.2 60.84859343 60.73 98.92 13.905 0.0000005 0
81.58 25.31 0.990227646 95.61 28.43 14.3825 0.0000008 0
14.55 92.46 13.3288151 39.62 80.6 10.405 0.0000015 1
53.58 94.93 67.34962307 79.64 19.13 10.805 0.0000007 1
68.31 7.79 35.36573581 72.13 46.98 5.01 0.0000009 1
18.32 56.92 0.801863912 49.18 51.9 29.0675 0.0000008 0
47.05 74.18 5.274818374 36.94 89.44 21.58 0.0000007 0
75.26 19.47 50.7479819 33.37 52.87 2.8275 0.0000015 1
52.36 66.4 17.01231396 46.12 47.02 3.3475 0.0000006 1
43.25 52.11 3.721445813 30.8 60.23 12.1425 0.0000005 1
21.82 39.02 56.22087358 95.5 56.74 14.56 0.0000006 1
20.85 8.47 56.9518559 80.86 35.01 13.665 0.0000006 0
22.45 4.09 66.44998077 24.59 95.74 30.225 0.0000006 0
68.68 6.94 57.41536016 8.71 36.4 14.4 0.0000011 1
