70.71 87.34 49.22333135 45.25 15.98 30.5425 0.0000007 1
19.68 88.66 50.18471072 80.3 33.66 26.6675 0.0000005 0
21.34 64.41 17.13854212 23.17 43.13 4.22 0.0000005 1
86.84 25.79 0.292444649 68.76 20.44 14.5625 0.000001 1
53.89 99.15 19.38369637 21.03 57.97 30.3 0.0000013 0
23.45 90.67 5.389654245 36.87 76.88 14.8525 0.000001 1
82.33 52.44 73.87944876 6.9 84.26 4.9875 0.0000012 1
76.66 39.11 37.86982269 23.56 61.28 22.6725 0.0000013 0
47.86 22.65 48.47780583 51.39 80.39 8.37 0.0000012 1
92.92 66.46 98.51648454 1.78 36.02 2.5725 0.0000013 0
82.2 18.29 69.81469061 87.41 90.7 0.7825 0.0000008 0
47.62 12.02 56.36880126 16.12 89.53 28.2975 0.0000008 0
88.29 96.21 82.67297394 75.9 1.91 12.4375 0.0000008 0
62.9 65.64 37.85419447 27.8 32.56 13.3775 0.0000005 1
34.45 55.83 50.40173227 93.74 13 21.74 0.0000015 1
97.37 1.93 73.23354498 1.88 25.27 26.0675 0.0000013 1
87.84 85.24 10.91656806 100 40.6 32.35 0.0000013 1
39.96 83.98 57.16052997 94.21 22.57 29.78 0.0000009 0
9.65 23.38 52.18193108 68.27 41.77 4.255 0.0000013 0
25.34 7.73 40.52348144 39.62 53.72 10.6325 0.0000005 0
3.1 71.96 47.99491129 57.18 19.09 29.635 0.0000012 1
