[[58, 85, 74, 7, 67], [2, 22], [82, 49, 70]]

[[55, 91, 100], [3, 49, 38], [23, 39, 6]]

[[37, 82, 11, 15], [29, 49, 19, 58, 97], [13, 84, 31, 29], [44, 46, 6, 94]]

[[60, 52, 89], [66, 93, 69, 7], [54, 15, 9], [37, 19, 48, 33]]

[[13, 38, 30, 99], [69, 52, 28, 12], [65, 15, 48], [4, 48, 31, 30, 6, 39, 57]]

[[59, 77, 12], [91, 37, 74, 1], [94, 20, 70, 84, 11, 31]]

[[77, 75, 100, 45, 54], [59, 78, 9, 23, 81], [66, 55, 28]]

[[25, 59, 27, 30, 68, 56, 83, 95], [28, 38, 42, 16], [97, 92, 63, 65, 24], [91, 67, 13, 3, 91, 4], [71, 0, 20]]

[[90, 98, 82], [38, 50, 17, 8, 13, 64], [38, 33, 79, 31, 44], [71, 66, 20, 81, 37], [85, 51], [30, 82]]

[[93, 42], [67, 9, 51, 39, 81], [18, 52, 8, 75], [53, 67, 88, 52, 14]]

[[58, 5, 60, 63, 98, 59], [87, 64, 13, 90, 90, 89, 56, 96, 97], [62, 27]]

[[94, 20, 57, 87, 31], [34, 24, 86, 4, 57, 30], [90, 23], [35, 0, 46, 18, 94, 16, 63], [92, 77, 43, 99, 67, 91, 37], [58, 77, 77]]

[[86, 44, 78, 85, 79], [41, 33, 0, 3, 60, 46], [12, 78], [0, 57, 98, 19, 61, 55, 65, 98, 97, 95, 6], [31, 12, 53, 93, 86]]

[[94, 40, 32, 90, 57, 85, 92], [57, 19, 85], [4, 91, 11, 86, 71, 96], [19, 17, 47], [18, 86, 34, 53, 52, 14], [17, 42, 89, 21, 38, 64, 86, 56, 16, 30, 1], [58, 23, 75, 100, 21], [35, 44, 52, 11, 38, 36, 37], [55, 27, 45, 55, 5, 77, 64], [30, 41, 93, 31, 10]]

[[46, 2], [83, 73, 52, 91, 98, 96, 87, 61, 54, 13], [85, 41, 42, 36, 88], [78, 5, 23, 1, 51, 51, 41], [12, 30, 86]]
