 58  85  74   7  67
  2  22
 82  49  70
None
  0  85  74   7  67
  2   1   0   0   0
 82  49   8   0   0
  0   0   0  27   0
  0   0   0   0  64
--

 55  91 100
  3  49  38
 23  39   6
None
  0  91 100
  3   1  38
 23  39   8
--

 37  82  11  15
 29  49  19  58  97
 13  84  31  29
 44  46   6  94
None
  0  82  11  15   0
 29   1  19  58  97
 13  84   8  29   0
 44  46   6  27   0
  0   0   0   0  64
--

 60  52  89
 66  93  69   7
 54  15   9
 37  19  48  33
None
  0  52  89   0
 66   1  69   7
 54  15   8   0
 37  19  48  27
--

 13  38  30  99
 69  52  28  12
 65  15  48
  4  48  31  30   6  39  57
None
  0  38  30  99   0   0   0
 69   1  28  12   0   0   0
 65  15   8   0   0   0   0
  4  48  31  27   6  39  57
  0   0   0   0  64   0   0
  0   0   0   0   0 125   0
  0   0   0   0   0   0 216
--

 59  77  12
 91  37  74   1
 94  20  70  84  11  31
None
  0  77  12   0   0   0
 91   1  74   1   0   0
 94  20   8  84  11  31
  0   0   0  27   0   0
  0   0   0   0  64   0
  0   0   0   0   0 125
--

 77  75 100  45  54
 59  78   9  23  81
 66  55  28
None
  0  75 100  45  54
 59   1   9  23  81
 66  55   8   0   0
  0   0   0  27   0
  0   0   0   0  64
--

 25  59  27  30  68  56  83  95
 28  38  42  16
 97  92  63  65  24
 91  67  13   3  91   4
 71   0  20
None
  0  59  27  30  68  56  83  95
 28   1  42  16   0   0   0   0
 97  92   8  65  24   0   0   0
 91  67  13  27  91   4   0   0
 71   0  20   0  64   0   0   0
  0   0   0   0   0 125   0   0
  0   0   0   0   0   0 216   0
  0   0   0   0   0   0   0 343
--

 90  98  82
 38  50  17   8  13  64
 38  33  79  31  44
 71  66  20  81  37
 85  51
 30  82
None
  0  98  82   0   0   0
 38   1  17   8  13  64
 38  33   8  31  44   0
 71  66  20  27  37   0
 85  51   0   0  64   0
 30  82   0   0   0 125
--

 93  42
 67   9  51  39  81
 18  52   8  75
 53  67  88  52  14
None
  0  42   0   0   0
 67   1  51  39  81
 18  52   8  75   0
 53  67  88  27  14
  0   0   0   0  64
--

 58   5  60  63  98  59
 87  64  13  90  90  89  56  96  97
 62  27
None
  0   5  60  63  98  59   0   0   0
 87   1  13  90  90  89  56  96  97
 62  27   8   0   0   0   0   0   0
  0   0   0  27   0   0   0   0   0
  0   0   0   0  64   0   0   0   0
  0   0   0   0   0 125   0   0   0
  0   0   0   0   0   0 216   0   0
  0   0   0   0   0   0   0 343   0
  0   0   0   0   0   0   0   0 512
--

 94  20  57  87  31
 34  24  86   4  57  30
 90  23
 35   0  46  18  94  16  63
 92  77  43  99  67  91  37
 58  77  77
None
  0  20  57  87  31   0   0
 34   1  86   4  57  30   0
 90  23   8   0   0   0   0
 35   0  46  27  94  16  63
 92  77  43  99  64  91  37
 58  77  77   0   0 125   0
  0   0   0   0   0   0 216
--

 86  44  78  85  79
 41  33   0   3  60  46
 12  78
  0  57  98  19  61  55  65  98  97  95   6
 31  12  53  93  86
None
  0  44  78  85  79   0   0   0   0   0   0
 41   1   0   3  60  46   0   0   0   0   0
 12  78   8   0   0   0   0   0   0   0   0
  0  57  98  27  61  55  65  98  97  95   6
 31  12  53  93  64   0   0   0   0   0   0
  0   0   0   0   0 125   0   0   0   0   0
  0   0   0   0   0   0 216   0   0   0   0
  0   0   0   0   0   0   0 343   0   0   0
  0   0   0   0   0   0   0   0 512   0   0
  0   0   0   0   0   0   0   0   0 729   0
  0   0   0   0   0   0   0   0   0   0 1000
--

 94  40  32  90  57  85  92
 57  19  85
  4  91  11  86  71  96
 19  17  47
 18  86  34  53  52  14
 17  42  89  21  38  64  86  56  16  30   1
 58  23  75 100  21
 35  44  52  11  38  36  37
 55  27  45  55   5  77  64
 30  41  93  31  10
None
  0  40  32  90  57  85  92   0   0   0   0
 57   1  85   0   0   0   0   0   0   0   0
  4  91   8  86  71  96   0   0   0   0   0
 19  17  47  27   0   0   0   0   0   0   0
 18  86  34  53  64  14   0   0   0   0   0
 17  42  89  21  38 125  86  56  16  30   1
 58  23  75 100  21   0 216   0   0   0   0
 35  44  52  11  38  36  37 343   0   0   0
 55  27  45  55   5  77  64   0 512   0   0
 30  41  93  31  10   0   0   0   0 729   0
  0   0   0   0   0   0   0   0   0   0 1000
--

 46   2
 83  73  52  91  98  96  87  61  54  13
 85  41  42  36  88
 78   5  23   1  51  51  41
 12  30  86
None
  0   2   0   0   0   0   0   0   0   0
 83   1  52  91  98  96  87  61  54  13
 85  41   8  36  88   0   0   0   0   0
 78   5  23  27  51  51  41   0   0   0
 12  30  86   0  64   0   0   0   0   0
  0   0   0   0   0 125   0   0   0   0
  0   0   0   0   0   0 216   0   0   0
  0   0   0   0   0   0   0 343   0   0
  0   0   0   0   0   0   0   0 512   0
  0   0   0   0   0   0   0   0   0 729
--

