 46 100  47  27  46  96  44   4  36
 84  42  10  99
 80  52  34  55  81  43  41   0  16  37  61
 16  86  25  17  66   6 100  67   5  83
 50  18  13  66   9  39
None
  0 100  47  27  46  96  44   4  36   0   0
 84   1  10  99   0   0   0   0   0   0   0
 80  52   8  55  81  43  41   0  16  37  61
 16  86  25  27  66   6 100  67   5  83   0
 50  18  13  66  64  39   0   0   0   0   0
  0   0   0   0   0 125   0   0   0   0   0
  0   0   0   0   0   0 216   0   0   0   0
  0   0   0   0   0   0   0 343   0   0   0
  0   0   0   0   0   0   0   0 512   0   0
  0   0   0   0   0   0   0   0   0 729   0
  0   0   0   0   0   0   0   0   0   0 1000
--

 14  13  76  84  48  76  41  97
 29  16  69  50  44  60  72  17
 71  96  21   7  67
 37  82  80  82  34   2  96  58  32
 79  91  13  84  61  40  11
 26  37  10  77  47  52   6  58  29
 84  28  83  65
 47  76  24  30   5  80
 18  40 100   9  41 100  98  18  53  36  14  96  55
 19  52  46
 84  39
  2   3  71  87  79  75  44  50
None
  0  13  76  84  48  76  41  97   0   0   0   0   0
 29   1  69  50  44  60  72  17   0   0   0   0   0
 71  96   8   7  67   0   0   0   0   0   0   0   0
 37  82  80  27  34   2  96  58  32   0   0   0   0
 79  91  13  84  64  40  11   0   0   0   0   0   0
 26  37  10  77  47 125   6  58  29   0   0   0   0
 84  28  83  65   0   0 216   0   0   0   0   0   0
 47  76  24  30   5  80   0 343   0   0   0   0   0
 18  40 100   9  41 100  98  18 512  36  14  96  55
 19  52  46   0   0   0   0   0   0 729   0   0   0
 84  39   0   0   0   0   0   0   0   0 1000   0   0
  2   3  71  87  79  75  44  50   0   0   0 1331   0
  0   0   0   0   0   0   0   0   0   0   0   0 1728
--

 97  75  11
 88  59   3  44  67  41   2  84  41  86  10
 37  21  79   0  11
 69  30  22  21
 22  88  89   7  62  45   2  95  53  34
 32   4  34  71  73  94  11
 75  34  69  89  70  54  27  40
 91  96  34  48  52  42  33
None
  0  75  11   0   0   0   0   0   0   0   0
 88   1   3  44  67  41   2  84  41  86  10
 37  21   8   0  11   0   0   0   0   0   0
 69  30  22  27   0   0   0   0   0   0   0
 22  88  89   7  64  45   2  95  53  34   0
 32   4  34  71  73 125  11   0   0   0   0
 75  34  69  89  70  54 216  40   0   0   0
 91  96  34  48  52  42  33 343   0   0   0
  0   0   0   0   0   0   0   0 512   0   0
  0   0   0   0   0   0   0   0   0 729   0
  0   0   0   0   0   0   0   0   0   0 1000
--

 30  46  97   0  17
 32  42
 66  90  67  63  34  81  98  80  86  27  17  54  60
None
  0  46  97   0  17   0   0   0   0   0   0   0   0
 32   1   0   0   0   0   0   0   0   0   0   0   0
 66  90   8  63  34  81  98  80  86  27  17  54  60
  0   0   0  27   0   0   0   0   0   0   0   0   0
  0   0   0   0  64   0   0   0   0   0   0   0   0
  0   0   0   0   0 125   0   0   0   0   0   0   0
  0   0   0   0   0   0 216   0   0   0   0   0   0
  0   0   0   0   0   0   0 343   0   0   0   0   0
  0   0   0   0   0   0   0   0 512   0   0   0   0
  0   0   0   0   0   0   0   0   0 729   0   0   0
  0   0   0   0   0   0   0   0   0   0 1000   0   0
  0   0   0   0   0   0   0   0   0   0   0 1331   0
  0   0   0   0   0   0   0   0   0   0   0   0 1728
--

 24  33  31  64  77   6  64  89
 11  32  20  35  28  21  72
 73  86
  2  61  52  88  60   2  10  49  32
  5  13  70  12  42   5
 23   0  25  29
 15   1   4  27
None
  0  33  31  64  77   6  64  89   0
 11   1  20  35  28  21  72   0   0
 73  86   8   0   0   0   0   0   0
  2  61  52  27  60   2  10  49  32
  5  13  70  12  64   5   0   0   0
 23   0  25  29   0 125   0   0   0
 15   1   4  27   0   0 216   0   0
  0   0   0   0   0   0   0 343   0
  0   0   0   0   0   0   0   0 512
--

 33  21  15  27  48
 69  86   8  93  54  66  97
  3  20  68  68  78  42  65  39  69  13  56  62  78  76   0
 93  10  29  10  48  27  65  39  49  34   4  26  87
 91   5  92  55  81  37  15  56  55  62
 60  61  26   6  96  25   5  98  99  79
 70  67  54  46  61   9   5  82  49  18  50  62  95
 86  95  83  78  22  39  27  10  12
 97  33  27  72  17  62  27
 70  93  66   2  97  14  33
 94  31  96  36
 25  35  21  72  30  83  69  88  13  90  90  66
 66  93  81
None
  0  21  15  27  48   0   0   0   0   0   0   0   0   0   0
 69   1   8  93  54  66  97   0   0   0   0   0   0   0   0
  3  20   8  68  78  42  65  39  69  13  56  62  78  76   0
 93  10  29  27  48  27  65  39  49  34   4  26  87   0   0
 91   5  92  55  64  37  15  56  55  62   0   0   0   0   0
 60  61  26   6  96 125   5  98  99  79   0   0   0   0   0
 70  67  54  46  61   9 216  82  49  18  50  62  95   0   0
 86  95  83  78  22  39  27 343  12   0   0   0   0   0   0
 97  33  27  72  17  62  27   0 512   0   0   0   0   0   0
 70  93  66   2  97  14  33   0   0 729   0   0   0   0   0
 94  31  96  36   0   0   0   0   0   0 1000   0   0   0   0
 25  35  21  72  30  83  69  88  13  90  90 1331   0   0   0
 66  93  81   0   0   0   0   0   0   0   0   0 1728   0   0
  0   0   0   0   0   0   0   0   0   0   0   0   0 2197   0
  0   0   0   0   0   0   0   0   0   0   0   0   0   0 2744
--

 13  68  74   9  80
 39  49
None
  0  68  74   9  80
 39   1   0   0   0
  0   0   8   0   0
  0   0   0  27   0
  0   0   0   0  64
--

  3  11  45  98
 42  44
None
  0  11  45  98
 42   1   0   0
  0   0   8   0
  0   0   0  27
--

 85  35  14  77  10   7
 85  20  85  98
None
  0  35  14  77  10   7
 85   1  85  98   0   0
  0   0   8   0   0   0
  0   0   0  27   0   0
  0   0   0   0  64   0
  0   0   0   0   0 125
--

 21  23  55  70  98  55  72  86
 72  65  49  43  73  70  45
 67  59  20  60  87  65   2  75  57  31  93   6  96  58  88
 67  71  59  31   6  42   8  21
 19  28  21
 96  72  12  33  66  70  30   7  50  53 100  41  12  61  59  11  64
 38  94  98  97  20  45  28  49  20  50
 50  23  80  65  66  83   9  45
 57  62  94  21  93
 87  16   3  72   4  66  66  67  87  15  39  71  15  37  62  50
 30  29  71  72  64  44   4   9
 83  90  71  30  49  12  11  99  92  80  38  68  40  21  55
None
  0  23  55  70  98  55  72  86   0   0   0   0   0   0   0   0   0
 72   1  49  43  73  70  45   0   0   0   0   0   0   0   0   0   0
 67  59   8  60  87  65   2  75  57  31  93   6  96  58  88   0   0
 67  71  59  27   6  42   8  21   0   0   0   0   0   0   0   0   0
 19  28  21   0  64   0   0   0   0   0   0   0   0   0   0   0   0
 96  72  12  33  66 125  30   7  50  53 100  41  12  61  59  11  64
 38  94  98  97  20  45 216  49  20  50   0   0   0   0   0   0   0
 50  23  80  65  66  83   9 343   0   0   0   0   0   0   0   0   0
 57  62  94  21  93   0   0   0 512   0   0   0   0   0   0   0   0
 87  16   3  72   4  66  66  67  87 729  39  71  15  37  62  50   0
 30  29  71  72  64  44   4   9   0   0 1000   0   0   0   0   0   0
 83  90  71  30  49  12  11  99  92  80  38 1331  40  21  55   0   0
  0   0   0   0   0   0   0   0   0   0   0   0 1728   0   0   0   0
  0   0   0   0   0   0   0   0   0   0   0   0   0 2197   0   0   0
  0   0   0   0   0   0   0   0   0   0   0   0   0   0 2744   0   0
  0   0   0   0   0   0   0   0   0   0   0   0   0   0   0 3375   0
  0   0   0   0   0   0   0   0   0   0   0   0   0   0   0   0 4096
--

 60  63  33  96  77  61  10  81  23  24  34  87  50  90  59
 85  28  22  75
 27  93  73  11  96
  9  48   3  96   1
 26  75  73  15
 32  50  32
  0   0
 24  19
 74  63  68  35  66  88   1  93  35
 99  83  63  28  88  84  31  91  78  98
None
  0  63  33  96  77  61  10  81  23  24  34  87  50  90  59
 85   1  22  75   0   0   0   0   0   0   0   0   0   0   0
 27  93   8  11  96   0   0   0   0   0   0   0   0   0   0
  9  48   3  27   1   0   0   0   0   0   0   0   0   0   0
 26  75  73  15  64   0   0   0   0   0   0   0   0   0   0
 32  50  32   0   0 125   0   0   0   0   0   0   0   0   0
  0   0   0   0   0   0 216   0   0   0   0   0   0   0   0
 24  19   0   0   0   0   0 343   0   0   0   0   0   0   0
 74  63  68  35  66  88   1  93 512   0   0   0   0   0   0
 99  83  63  28  88  84  31  91  78 729   0   0   0   0   0
  0   0   0   0   0   0   0   0   0   0 1000   0   0   0   0
  0   0   0   0   0   0   0   0   0   0   0 1331   0   0   0
  0   0   0   0   0   0   0   0   0   0   0   0 1728   0   0
  0   0   0   0   0   0   0   0   0   0   0   0   0 2197   0
  0   0   0   0   0   0   0   0   0   0   0   0   0   0 2744
--

 11   6  50  92  84   7   4  86
 32  38  13  29  92  42  59  73  64  47  66
 94  76  70   5   4  86  92   8  21  66  35  71  78
None
  0   6  50  92  84   7   4  86   0   0   0   0   0
 32   1  13  29  92  42  59  73  64  47  66   0   0
 94  76   8   5   4  86  92   8  21  66  35  71  78
  0   0   0  27   0   0   0   0   0   0   0   0   0
  0   0   0   0  64   0   0   0   0   0   0   0   0
  0   0   0   0   0 125   0   0   0   0   0   0   0
  0   0   0   0   0   0 216   0   0   0   0   0   0
  0   0   0   0   0   0   0 343   0   0   0   0   0
  0   0   0   0   0   0   0   0 512   0   0   0   0
  0   0   0   0   0   0   0   0   0 729   0   0   0
  0   0   0   0   0   0   0   0   0   0 1000   0   0
  0   0   0   0   0   0   0   0   0   0   0 1331   0
  0   0   0   0   0   0   0   0   0   0   0   0 1728
--

 86  96  96  66  82 100   9  63
 84  12  71  65  42  59   0  70  57  24  44   1  82
None
  0  96  96  66  82 100   9  63   0   0   0   0   0
 84   1  71  65  42  59   0  70  57  24  44   1  82
  0   0   8   0   0   0   0   0   0   0   0   0   0
  0   0   0  27   0   0   0   0   0   0   0   0   0
  0   0   0   0  64   0   0   0   0   0   0   0   0
  0   0   0   0   0 125   0   0   0   0   0   0   0
  0   0   0   0   0   0 216   0   0   0   0   0   0
  0   0   0   0   0   0   0 343   0   0   0   0   0
  0   0   0   0   0   0   0   0 512   0   0   0   0
  0   0   0   0   0   0   0   0   0 729   0   0   0
  0   0   0   0   0   0   0   0   0   0 1000   0   0
  0   0   0   0   0   0   0   0   0   0   0 1331   0
  0   0   0   0   0   0   0   0   0   0   0   0 1728
--

 86  54  74  61  77  25
 36  44  98  20  87  47  12  62  80  96  26  11  54
 61  54  80  98  55  54  99
 79  66  93  96  96  87  69  31  57  65  44  69  62   6  53
 51  69  49  81  57  19  97  25
 86   7  56  27   3  30   4  16  16  65
 20  76
 88  67  21  13  67  40  85  88  56
 71  15  99
 38  33  83
  0  67  74  38  28  75
 27  87  75  79  62  12  58  36  38   8
 72  80  90  31  77  29  57   6  62  75
 98   7  88   7  86  81  95   6  50
 87  43  76  57  20  49
None
  0  54  74  61  77  25   0   0   0   0   0   0   0   0   0
 36   1  98  20  87  47  12  62  80  96  26  11  54   0   0
 61  54   8  98  55  54  99   0   0   0   0   0   0   0   0
 79  66  93  27  96  87  69  31  57  65  44  69  62   6  53
 51  69  49  81  64  19  97  25   0   0   0   0   0   0   0
 86   7  56  27   3 125   4  16  16  65   0   0   0   0   0
 20  76   0   0   0   0 216   0   0   0   0   0   0   0   0
 88  67  21  13  67  40  85 343  56   0   0   0   0   0   0
 71  15  99   0   0   0   0   0 512   0   0   0   0   0   0
 38  33  83   0   0   0   0   0   0 729   0   0   0   0   0
  0  67  74  38  28  75   0   0   0   0 1000   0   0   0   0
 27  87  75  79  62  12  58  36  38   8   0 1331   0   0   0
 72  80  90  31  77  29  57   6  62  75   0   0 1728   0   0
 98   7  88   7  86  81  95   6  50   0   0   0   0 2197   0
 87  43  76  57  20  49   0   0   0   0   0   0   0   0 2744
--

 90  83   1  16
 38  83
 23  40  80  43 100
 89  53  23
 46  41  80  74  92  30  55  73  55  82  31  68  73  12  31  40   4  40   5
None
  0  83   1  16   0   0   0   0   0   0   0   0   0   0   0   0   0   0   0
 38   1   0   0   0   0   0   0   0   0   0   0   0   0   0   0   0   0   0
 23  40   8  43 100   0   0   0   0   0   0   0   0   0   0   0   0   0   0
 89  53  23  27   0   0   0   0   0   0   0   0   0   0   0   0   0   0   0
 46  41  80  74  64  30  55  73  55  82  31  68  73  12  31  40   4  40   5
  0   0   0   0   0 125   0   0   0   0   0   0   0   0   0   0   0   0   0
  0   0   0   0   0   0 216   0   0   0   0   0   0   0   0   0   0   0   0
  0   0   0   0   0   0   0 343   0   0   0   0   0   0   0   0   0   0   0
  0   0   0   0   0   0   0   0 512   0   0   0   0   0   0   0   0   0   0
  0   0   0   0   0   0   0   0   0 729   0   0   0   0   0   0   0   0   0
  0   0   0   0   0   0   0   0   0   0 1000   0   0   0   0   0   0   0   0
  0   0   0   0   0   0   0   0   0   0   0 1331   0   0   0   0   0   0   0
  0   0   0   0   0   0   0   0   0   0   0   0 1728   0   0   0   0   0   0
  0   0   0   0   0   0   0   0   0   0   0   0   0 2197   0   0   0   0   0
  0   0   0   0   0   0   0   0   0   0   0   0   0   0 2744   0   0   0   0
  0   0   0   0   0   0   0   0   0   0   0   0   0   0   0 3375   0   0   0
  0   0   0   0   0   0   0   0   0   0   0   0   0   0   0   0 4096   0   0
  0   0   0   0   0   0   0   0   0   0   0   0   0   0   0   0   0 4913   0
  0   0   0   0   0   0   0   0   0   0   0   0   0   0   0   0   0   0 5832
--

